3.288334e+09 3.288334e+09 3.288334e+09 3.288334e+09 3.288334e+09 3.288334e+09 3.288334e+09 3.288334e+09 3.288334e+09 3.288334e+09 3.288334e+09 3.288334e+09 3.288334e+09 3.288334e+09 3.288334e+09 3.288334e+09 3.288334e+09 3.288334e+09 3.288334e+09 3.288334e+09 3.288334e+09 3.288334e+09 3.288334e+09 3.288334e+09 3.288334e+09 3.288334e+09 3.288334e+09 3.288334e+09 3.288334e+09 3.288334e+09 3.288334e+09 3.288334e+09 3.288334e+09 3.288334e+09 3.288334e+09 3.288334e+09 3.288334e+09 3.288334e+09 3.288334e+09 3.288334e+09 3.288334e+09 3.288334e+09 3.288334e+09 3.288334e+09 3.288334e+09
3.288334e+09 6.576669e+09 6.576669e+09 6.576669e+09 6.576669e+09 6.576669e+09 6.576669e+09 6.576669e+09 6.576669e+09 6.576669e+09 6.576669e+09 6.576669e+09 6.576669e+09 6.576669e+09 6.576669e+09 6.576669e+09 6.576669e+09 6.576669e+09 6.576669e+09 6.576669e+09 6.576669e+09 6.576669e+09 6.576669e+09 6.576669e+09 6.576669e+09 6.576669e+09 6.576669e+09 6.576669e+09 6.576669e+09 6.576669e+09 6.576669e+09 6.576669e+09 6.576669e+09 6.576669e+09 6.576669e+09 6.576669e+09 6.576669e+09 6.576669e+09 6.576669e+09 6.576669e+09 6.576669e+09 6.576669e+09 6.576669e+09 6.576669e+09 6.576669e+09
6.576669e+09 6.576669e+09 7.398752e+09 7.398752e+09 7.398752e+09 7.398752e+09 7.398752e+09 7.398752e+09 7.398752e+09 7.398752e+09 7.398752e+09 7.398752e+09 7.398752e+09 7.398752e+09 7.398752e+09 7.398752e+09 7.398752e+09 7.398752e+09 7.398752e+09 7.398752e+09 7.398752e+09 7.398752e+09 7.398752e+09 7.398752e+09 7.398752e+09 7.398752e+09 7.398752e+09 7.398752e+09 7.398752e+09 7.398752e+09 7.398752e+09 7.398752e+09 7.398752e+09 7.398752e+09 7.398752e+09 7.398752e+09 7.398752e+09 7.398752e+09 7.398752e+09 7.398752e+09 7.398752e+09 7.398752e+09 7.398752e+09 7.398752e+09 7.398752e+09
7.398752e+09 7.398752e+09 7.398752e+09 9.042919e+09 8.220836e+09 8.220836e+09 8.220836e+09 8.220836e+09 8.220836e+09 8.220836e+09 8.220836e+09 8.220836e+09 8.220836e+09 8.220836e+09 8.220836e+09 8.220836e+09 8.220836e+09 8.220836e+09 8.220836e+09 8.220836e+09 8.220836e+09 8.220836e+09 8.220836e+09 8.220836e+09 8.220836e+09 8.220836e+09 8.220836e+09 8.220836e+09 8.220836e+09 8.220836e+09 8.220836e+09 8.220836e+09 8.220836e+09 8.220836e+09 8.220836e+09 8.220836e+09 8.220836e+09 8.220836e+09 8.220836e+09 8.220836e+09 8.220836e+09 8.220836e+09 8.220836e+09 8.220836e+09 8.220836e+09
8.220836e+09 8.220836e+09 8.220836e+09 8.220836e+09 9.865003e+09 8.220836e+09 8.220836e+09 8.220836e+09 8.220836e+09 8.220836e+09 8.220836e+09 8.220836e+09 8.220836e+09 8.220836e+09 8.220836e+09 8.220836e+09 8.220836e+09 8.220836e+09 8.220836e+09 8.220836e+09 8.220836e+09 8.220836e+09 8.220836e+09 8.220836e+09 8.220836e+09 8.220836e+09 8.220836e+09 8.220836e+09 8.220836e+09 8.220836e+09 8.220836e+09 8.220836e+09 8.220836e+09 8.220836e+09 8.220836e+09 8.220836e+09 8.220836e+09 8.220836e+09 8.220836e+09 8.220836e+09 8.220836e+09 8.220836e+09 8.220836e+09 8.220836e+09 8.220836e+09
8.220836e+09 8.220836e+09 8.220836e+09 8.220836e+09 8.220836e+09 8.631878e+09 8.631878e+09 8.631878e+09 8.631878e+09 8.631878e+09 8.631878e+09 8.631878e+09 8.631878e+09 8.631878e+09 8.631878e+09 8.631878e+09 8.631878e+09 8.631878e+09 8.631878e+09 8.631878e+09 8.631878e+09 8.631878e+09 8.631878e+09 8.631878e+09 8.631878e+09 8.631878e+09 8.631878e+09 8.631878e+09 8.631878e+09 8.631878e+09 8.631878e+09 8.631878e+09 8.631878e+09 8.631878e+09 8.631878e+09 8.631878e+09 8.631878e+09 8.631878e+09 8.631878e+09 8.631878e+09 8.631878e+09 8.631878e+09 8.631878e+09 8.631878e+09 8.631878e+09
8.631878e+09 8.631878e+09 8.631878e+09 8.631878e+09 8.631878e+09 8.631878e+09 9.453961e+09 9.453961e+09 9.453961e+09 9.453961e+09 9.453961e+09 9.453961e+09 9.453961e+09 9.453961e+09 9.453961e+09 9.453961e+09 9.453961e+09 9.453961e+09 9.453961e+09 9.453961e+09 9.453961e+09 9.453961e+09 9.453961e+09 9.453961e+09 9.453961e+09 9.453961e+09 9.453961e+09 9.453961e+09 9.453961e+09 9.453961e+09 9.453961e+09 9.453961e+09 9.453961e+09 9.453961e+09 9.453961e+09 9.453961e+09 9.453961e+09 9.453961e+09 9.453961e+09 9.453961e+09 9.453961e+09 9.453961e+09 9.453961e+09 9.453961e+09 9.453961e+09
9.453961e+09 9.453961e+09 9.453961e+09 9.453961e+09 9.453961e+09 9.453961e+09 9.453961e+09 1.027604e+10 1.027604e+10 1.027604e+10 1.027604e+10 1.027604e+10 1.027604e+10 1.027604e+10 1.027604e+10 1.027604e+10 1.027604e+10 1.027604e+10 1.027604e+10 1.027604e+10 1.027604e+10 1.027604e+10 1.027604e+10 1.027604e+10 1.027604e+10 1.027604e+10 1.027604e+10 1.027604e+10 1.027604e+10 1.027604e+10 1.027604e+10 1.027604e+10 1.027604e+10 1.027604e+10 1.027604e+10 1.027604e+10 1.027604e+10 1.027604e+10 1.027604e+10 1.027604e+10 1.027604e+10 1.027604e+10 1.027604e+10 1.027604e+10 1.027604e+10
9.865003e+09 9.865003e+09 9.865003e+09 9.865003e+09 9.865003e+09 9.865003e+09 9.865003e+09 9.865003e+09 1.068709e+10 9.865003e+09 9.865003e+09 9.865003e+09 9.865003e+09 9.865003e+09 9.865003e+09 9.865003e+09 9.865003e+09 9.865003e+09 9.865003e+09 9.865003e+09 9.865003e+09 9.865003e+09 9.865003e+09 9.865003e+09 9.865003e+09 9.865003e+09 9.865003e+09 9.865003e+09 9.865003e+09 9.865003e+09 9.865003e+09 9.865003e+09 9.865003e+09 9.865003e+09 9.865003e+09 9.865003e+09 9.865003e+09 9.865003e+09 9.865003e+09 9.865003e+09 9.865003e+09 9.865003e+09 9.865003e+09 9.865003e+09 9.865003e+09
9.865003e+09 9.865003e+09 9.865003e+09 9.865003e+09 9.865003e+09 9.865003e+09 9.865003e+09 9.865003e+09 9.865003e+09 1.007052e+10 1.007052e+10 1.007052e+10 1.007052e+10 1.007052e+10 1.007052e+10 1.007052e+10 1.007052e+10 1.007052e+10 1.007052e+10 1.007052e+10 1.007052e+10 1.007052e+10 1.007052e+10 1.007052e+10 1.007052e+10 1.007052e+10 1.007052e+10 1.007052e+10 1.007052e+10 1.007052e+10 1.007052e+10 1.007052e+10 1.007052e+10 1.007052e+10 1.007052e+10 1.007052e+10 1.007052e+10 1.007052e+10 1.007052e+10 1.007052e+10 1.007052e+10 1.007052e+10 1.007052e+10 1.007052e+10 1.007052e+10
1.007052e+10 1.007052e+10 1.007052e+10 1.007052e+10 1.007052e+10 1.007052e+10 1.007052e+10 1.007052e+10 1.007052e+10 1.007052e+10 1.048157e+10 1.027604e+10 1.027604e+10 1.027604e+10 1.027604e+10 1.027604e+10 1.027604e+10 1.027604e+10 1.027604e+10 1.027604e+10 1.027604e+10 1.027604e+10 1.027604e+10 1.027604e+10 1.027604e+10 1.027604e+10 1.027604e+10 1.027604e+10 1.027604e+10 1.027604e+10 1.027604e+10 1.027604e+10 1.027604e+10 1.027604e+10 1.027604e+10 1.027604e+10 1.027604e+10 1.027604e+10 1.027604e+10 1.027604e+10 1.027604e+10 1.027604e+10 1.027604e+10 1.027604e+10 1.027604e+10
1.027604e+10 1.027604e+10 1.027604e+10 1.027604e+10 1.027604e+10 1.027604e+10 1.027604e+10 1.027604e+10 1.027604e+10 1.027604e+10 1.027604e+10 1.068709e+10 1.068709e+10 1.068709e+10 1.068709e+10 1.068709e+10 1.068709e+10 1.068709e+10 1.068709e+10 1.068709e+10 1.068709e+10 1.068709e+10 1.068709e+10 1.068709e+10 1.068709e+10 1.068709e+10 1.068709e+10 1.068709e+10 1.068709e+10 1.068709e+10 1.068709e+10 1.068709e+10 1.068709e+10 1.068709e+10 1.068709e+10 1.068709e+10 1.068709e+10 1.068709e+10 1.068709e+10 1.068709e+10 1.068709e+10 1.068709e+10 1.068709e+10 1.068709e+10 1.068709e+10
1.068709e+10 1.068709e+10 1.068709e+10 1.068709e+10 1.068709e+10 1.068709e+10 1.068709e+10 1.068709e+10 1.068709e+10 1.068709e+10 1.068709e+10 1.068709e+10 1.109813e+10 1.109813e+10 1.109813e+10 1.109813e+10 1.109813e+10 1.109813e+10 1.109813e+10 1.109813e+10 1.109813e+10 1.109813e+10 1.109813e+10 1.109813e+10 1.109813e+10 1.109813e+10 1.109813e+10 1.109813e+10 1.109813e+10 1.109813e+10 1.109813e+10 1.109813e+10 1.109813e+10 1.109813e+10 1.109813e+10 1.109813e+10 1.109813e+10 1.109813e+10 1.109813e+10 1.109813e+10 1.109813e+10 1.109813e+10 1.109813e+10 1.109813e+10 1.109813e+10
1.109813e+10 1.109813e+10 1.109813e+10 1.109813e+10 1.109813e+10 1.109813e+10 1.109813e+10 1.109813e+10 1.109813e+10 1.109813e+10 1.109813e+10 1.109813e+10 1.109813e+10 1.120089e+10 1.120089e+10 1.120089e+10 1.120089e+10 1.120089e+10 1.120089e+10 1.120089e+10 1.120089e+10 1.120089e+10 1.120089e+10 1.120089e+10 1.120089e+10 1.120089e+10 1.120089e+10 1.120089e+10 1.120089e+10 1.120089e+10 1.120089e+10 1.120089e+10 1.120089e+10 1.120089e+10 1.120089e+10 1.120089e+10 1.120089e+10 1.120089e+10 1.120089e+10 1.120089e+10 1.120089e+10 1.120089e+10 1.120089e+10 1.120089e+10 1.120089e+10
1.120089e+10 1.120089e+10 1.120089e+10 1.120089e+10 1.120089e+10 1.120089e+10 1.120089e+10 1.120089e+10 1.120089e+10 1.120089e+10 1.120089e+10 1.120089e+10 1.120089e+10 1.120089e+10 1.130365e+10 1.130365e+10 1.130365e+10 1.130365e+10 1.130365e+10 1.130365e+10 1.130365e+10 1.130365e+10 1.130365e+10 1.130365e+10 1.130365e+10 1.130365e+10 1.130365e+10 1.130365e+10 1.130365e+10 1.130365e+10 1.130365e+10 1.130365e+10 1.130365e+10 1.130365e+10 1.130365e+10 1.130365e+10 1.130365e+10 1.130365e+10 1.130365e+10 1.130365e+10 1.130365e+10 1.130365e+10 1.130365e+10 1.130365e+10 1.130365e+10
1.130365e+10 1.130365e+10 1.130365e+10 1.130365e+10 1.130365e+10 1.130365e+10 1.130365e+10 1.130365e+10 1.130365e+10 1.130365e+10 1.130365e+10 1.130365e+10 1.130365e+10 1.130365e+10 1.130365e+10 1.140641e+10 1.140641e+10 1.140641e+10 1.140641e+10 1.140641e+10 1.140641e+10 1.140641e+10 1.140641e+10 1.140641e+10 1.140641e+10 1.140641e+10 1.140641e+10 1.140641e+10 1.140641e+10 1.140641e+10 1.140641e+10 1.140641e+10 1.140641e+10 1.140641e+10 1.140641e+10 1.140641e+10 1.140641e+10 1.140641e+10 1.140641e+10 1.140641e+10 1.140641e+10 1.140641e+10 1.140641e+10 1.140641e+10 1.140641e+10
1.099537e+10 1.099537e+10 1.099537e+10 1.099537e+10 1.099537e+10 1.099537e+10 1.099537e+10 1.099537e+10 1.099537e+10 1.099537e+10 1.099537e+10 1.099537e+10 1.099537e+10 1.099537e+10 1.099537e+10 1.099537e+10 1.109813e+10 1.109813e+10 1.109813e+10 1.109813e+10 1.109813e+10 1.109813e+10 1.109813e+10 1.109813e+10 1.109813e+10 1.109813e+10 1.109813e+10 1.109813e+10 1.109813e+10 1.109813e+10 1.109813e+10 1.109813e+10 1.109813e+10 1.109813e+10 1.109813e+10 1.109813e+10 1.109813e+10 1.109813e+10 1.109813e+10 1.109813e+10 1.109813e+10 1.109813e+10 1.109813e+10 1.109813e+10 1.109813e+10
1.109813e+10 1.109813e+10 1.109813e+10 1.109813e+10 1.109813e+10 1.109813e+10 1.109813e+10 1.109813e+10 1.109813e+10 1.109813e+10 1.109813e+10 1.109813e+10 1.109813e+10 1.109813e+10 1.109813e+10 1.109813e+10 1.109813e+10 1.112382e+10 1.112382e+10 1.112382e+10 1.112382e+10 1.112382e+10 1.112382e+10 1.112382e+10 1.112382e+10 1.112382e+10 1.112382e+10 1.112382e+10 1.112382e+10 1.112382e+10 1.112382e+10 1.112382e+10 1.112382e+10 1.112382e+10 1.112382e+10 1.112382e+10 1.112382e+10 1.112382e+10 1.112382e+10 1.112382e+10 1.112382e+10 1.112382e+10 1.112382e+10 1.112382e+10 1.112382e+10
1.112382e+10 1.112382e+10 1.112382e+10 1.112382e+10 1.112382e+10 1.112382e+10 1.112382e+10 1.112382e+10 1.112382e+10 1.112382e+10 1.112382e+10 1.112382e+10 1.112382e+10 1.112382e+10 1.112382e+10 1.112382e+10 1.112382e+10 1.112382e+10 1.114951e+10 1.114951e+10 1.114951e+10 1.114951e+10 1.114951e+10 1.114951e+10 1.114951e+10 1.114951e+10 1.114951e+10 1.114951e+10 1.114951e+10 1.114951e+10 1.114951e+10 1.114951e+10 1.114951e+10 1.114951e+10 1.114951e+10 1.114951e+10 1.114951e+10 1.114951e+10 1.114951e+10 1.114951e+10 1.114951e+10 1.114951e+10 1.114951e+10 1.114951e+10 1.114951e+10
1.114951e+10 1.114951e+10 1.114951e+10 1.114951e+10 1.114951e+10 1.114951e+10 1.114951e+10 1.114951e+10 1.114951e+10 1.114951e+10 1.114951e+10 1.114951e+10 1.114951e+10 1.114951e+10 1.114951e+10 1.114951e+10 1.114951e+10 1.114951e+10 1.114951e+10 1.115370e+10 1.115370e+10 1.115370e+10 1.115370e+10 1.115370e+10 1.115370e+10 1.115370e+10 1.115370e+10 1.115370e+10 1.115370e+10 1.115370e+10 1.115370e+10 1.115370e+10 1.115370e+10 1.115370e+10 1.115370e+10 1.115370e+10 1.115370e+10 1.115370e+10 1.115370e+10 1.115370e+10 1.115370e+10 1.115370e+10 1.115370e+10 1.115370e+10 1.115370e+10
1.115370e+10 1.115370e+10 1.115370e+10 1.115370e+10 1.115370e+10 1.115370e+10 1.115370e+10 1.115370e+10 1.115370e+10 1.115370e+10 1.115370e+10 1.115370e+10 1.115370e+10 1.115370e+10 1.115370e+10 1.115370e+10 1.115370e+10 1.115370e+10 1.115370e+10 1.115370e+10 1.115790e+10 1.115790e+10 1.115790e+10 1.115790e+10 1.115790e+10 1.115790e+10 1.115790e+10 1.115790e+10 1.115790e+10 1.115790e+10 1.115790e+10 1.115790e+10 1.115790e+10 1.115790e+10 1.115790e+10 1.115790e+10 1.115790e+10 1.115790e+10 1.115790e+10 1.115790e+10 1.115790e+10 1.115790e+10 1.115790e+10 1.115790e+10 1.115790e+10
1.115790e+10 1.115790e+10 1.115790e+10 1.115790e+10 1.115790e+10 1.115790e+10 1.115790e+10 1.115790e+10 1.115790e+10 1.115790e+10 1.115790e+10 1.115790e+10 1.115790e+10 1.115790e+10 1.115790e+10 1.115790e+10 1.115790e+10 1.115790e+10 1.115790e+10 1.115790e+10 1.115790e+10 1.115892e+10 1.115892e+10 1.115892e+10 1.115892e+10 1.115892e+10 1.115892e+10 1.115892e+10 1.115892e+10 1.115892e+10 1.115892e+10 1.115892e+10 1.115892e+10 1.115892e+10 1.115892e+10 1.115892e+10 1.115892e+10 1.115892e+10 1.115892e+10 1.115892e+10 1.115892e+10 1.115892e+10 1.115892e+10 1.115892e+10 1.115892e+10
1.115892e+10 1.115892e+10 1.115892e+10 1.115892e+10 1.115892e+10 1.115892e+10 1.115892e+10 1.115892e+10 1.115892e+10 1.115892e+10 1.115892e+10 1.115892e+10 1.115892e+10 1.115892e+10 1.115892e+10 1.115892e+10 1.115892e+10 1.115892e+10 1.115892e+10 1.115892e+10 1.115892e+10 1.115892e+10 1.115892e+10 1.115892e+10 1.115892e+10 1.115892e+10 1.115892e+10 1.115892e+10 1.115892e+10 1.115892e+10 1.115892e+10 1.115892e+10 1.115892e+10 1.115892e+10 1.115892e+10 1.115892e+10 1.115892e+10 1.115892e+10 1.115892e+10 1.115892e+10 1.115892e+10 1.115892e+10 1.115892e+10 1.115892e+10 1.115892e+10
1.115892e+10 1.115892e+10 1.115892e+10 1.115892e+10 1.115892e+10 1.115892e+10 1.115892e+10 1.115892e+10 1.115892e+10 1.115892e+10 1.115892e+10 1.115892e+10 1.115892e+10 1.115892e+10 1.115892e+10 1.115892e+10 1.115892e+10 1.115892e+10 1.115892e+10 1.115892e+10 1.115892e+10 1.115892e+10 1.115892e+10 1.115995e+10 1.115995e+10 1.115995e+10 1.115995e+10 1.115995e+10 1.115995e+10 1.115995e+10 1.115995e+10 1.115995e+10 1.115995e+10 1.115995e+10 1.115995e+10 1.115995e+10 1.115995e+10 1.115995e+10 1.115995e+10 1.115995e+10 1.115995e+10 1.115995e+10 1.115995e+10 1.115995e+10 1.115995e+10
1.115995e+10 1.115995e+10 1.115995e+10 1.115995e+10 1.115995e+10 1.115995e+10 1.115995e+10 1.115995e+10 1.115995e+10 1.115995e+10 1.115995e+10 1.115995e+10 1.115995e+10 1.115995e+10 1.115995e+10 1.115995e+10 1.115995e+10 1.115995e+10 1.115995e+10 1.115995e+10 1.115995e+10 1.115995e+10 1.115995e+10 1.115995e+10 1.116414e+10 1.116209e+10 1.116209e+10 1.116209e+10 1.116209e+10 1.116209e+10 1.116209e+10 1.116209e+10 1.116209e+10 1.116209e+10 1.116209e+10 1.116209e+10 1.116209e+10 1.116209e+10 1.116209e+10 1.116209e+10 1.116209e+10 1.116209e+10 1.116209e+10 1.116209e+10 1.116209e+10
1.157313e+10 1.157313e+10 1.157313e+10 1.157313e+10 1.157313e+10 1.157313e+10 1.157313e+10 1.157313e+10 1.157313e+10 1.157313e+10 1.157313e+10 1.157313e+10 1.157313e+10 1.157313e+10 1.157313e+10 1.157313e+10 1.157313e+10 1.157313e+10 1.157313e+10 1.157313e+10 1.157313e+10 1.157313e+10 1.157313e+10 1.157313e+10 1.157313e+10 1.157733e+10 1.156894e+10 1.156894e+10 1.156894e+10 1.156894e+10 1.156894e+10 1.156894e+10 1.156894e+10 1.156894e+10 1.156894e+10 1.156894e+10 1.156894e+10 1.156894e+10 1.156894e+10 1.156894e+10 1.156894e+10 1.156894e+10 1.156894e+10 1.156894e+10 1.156894e+10
1.177446e+10 1.177446e+10 1.177446e+10 1.177446e+10 1.177446e+10 1.177446e+10 1.177446e+10 1.177446e+10 1.177446e+10 1.177446e+10 1.177446e+10 1.177446e+10 1.177446e+10 1.177446e+10 1.177446e+10 1.177446e+10 1.177446e+10 1.177446e+10 1.177446e+10 1.177446e+10 1.177446e+10 1.177446e+10 1.177446e+10 1.177446e+10 1.177446e+10 1.177446e+10 1.180015e+10 1.180015e+10 1.180015e+10 1.180015e+10 1.180015e+10 1.180015e+10 1.180015e+10 1.180015e+10 1.180015e+10 1.180015e+10 1.180015e+10 1.180015e+10 1.180015e+10 1.180015e+10 1.180015e+10 1.180015e+10 1.180015e+10 1.180015e+10 1.180015e+10
1.180015e+10 1.180015e+10 1.180015e+10 1.180015e+10 1.180015e+10 1.180015e+10 1.180015e+10 1.180015e+10 1.180015e+10 1.180015e+10 1.180015e+10 1.180015e+10 1.180015e+10 1.180015e+10 1.180015e+10 1.180015e+10 1.180015e+10 1.180015e+10 1.180015e+10 1.180015e+10 1.180015e+10 1.180015e+10 1.180015e+10 1.180015e+10 1.180015e+10 1.180015e+10 1.180015e+10 1.182584e+10 1.177446e+10 1.177446e+10 1.177446e+10 1.177446e+10 1.177446e+10 1.177446e+10 1.177446e+10 1.177446e+10 1.177446e+10 1.177446e+10 1.177446e+10 1.177446e+10 1.177446e+10 1.177446e+10 1.177446e+10 1.177446e+10 1.177446e+10
1.177027e+10 1.177027e+10 1.177027e+10 1.177027e+10 1.177027e+10 1.177027e+10 1.177027e+10 1.177027e+10 1.177027e+10 1.177027e+10 1.177027e+10 1.177027e+10 1.177027e+10 1.177027e+10 1.177027e+10 1.177027e+10 1.177027e+10 1.177027e+10 1.177027e+10 1.177027e+10 1.177027e+10 1.177027e+10 1.177027e+10 1.177027e+10 1.177027e+10 1.177027e+10 1.177027e+10 1.177027e+10 1.187303e+10 1.182165e+10 1.182165e+10 1.182165e+10 1.182165e+10 1.182165e+10 1.182165e+10 1.182165e+10 1.182165e+10 1.182165e+10 1.182165e+10 1.182165e+10 1.182165e+10 1.182165e+10 1.182165e+10 1.182165e+10 1.182165e+10
1.223269e+10 1.223269e+10 1.223269e+10 1.223269e+10 1.223269e+10 1.223269e+10 1.223269e+10 1.223269e+10 1.223269e+10 1.223269e+10 1.223269e+10 1.223269e+10 1.223269e+10 1.223269e+10 1.223269e+10 1.223269e+10 1.223269e+10 1.223269e+10 1.223269e+10 1.223269e+10 1.223269e+10 1.223269e+10 1.223269e+10 1.223269e+10 1.223269e+10 1.223269e+10 1.223269e+10 1.223269e+10 1.223269e+10 1.233545e+10 1.212993e+10 1.212993e+10 1.212993e+10 1.212993e+10 1.212993e+10 1.212993e+10 1.212993e+10 1.212993e+10 1.212993e+10 1.212993e+10 1.212993e+10 1.212993e+10 1.212993e+10 1.212993e+10 1.212993e+10
1.212993e+10 1.212993e+10 1.212993e+10 1.212993e+10 1.212993e+10 1.212993e+10 1.212993e+10 1.212993e+10 1.212993e+10 1.212993e+10 1.212993e+10 1.212993e+10 1.212993e+10 1.212993e+10 1.212993e+10 1.212993e+10 1.212993e+10 1.212993e+10 1.212993e+10 1.212993e+10 1.212993e+10 1.212993e+10 1.212993e+10 1.212993e+10 1.212993e+10 1.212993e+10 1.212993e+10 1.212993e+10 1.212993e+10 1.212993e+10 1.223269e+10 1.202717e+10 1.202717e+10 1.202717e+10 1.202717e+10 1.202717e+10 1.202717e+10 1.202717e+10 1.202717e+10 1.202717e+10 1.202717e+10 1.202717e+10 1.202717e+10 1.202717e+10 1.202717e+10
1.202717e+10 1.202717e+10 1.202717e+10 1.202717e+10 1.202717e+10 1.202717e+10 1.202717e+10 1.202717e+10 1.202717e+10 1.202717e+10 1.202717e+10 1.202717e+10 1.202717e+10 1.202717e+10 1.202717e+10 1.202717e+10 1.202717e+10 1.202717e+10 1.202717e+10 1.202717e+10 1.202717e+10 1.202717e+10 1.202717e+10 1.202717e+10 1.202717e+10 1.202717e+10 1.202717e+10 1.202717e+10 1.202717e+10 1.202717e+10 1.202717e+10 1.212993e+10 1.192441e+10 1.192441e+10 1.192441e+10 1.192441e+10 1.192441e+10 1.192441e+10 1.192441e+10 1.192441e+10 1.192441e+10 1.192441e+10 1.192441e+10 1.192441e+10 1.192441e+10
1.192441e+10 1.192441e+10 1.192441e+10 1.192441e+10 1.192441e+10 1.192441e+10 1.192441e+10 1.192441e+10 1.192441e+10 1.192441e+10 1.192441e+10 1.192441e+10 1.192441e+10 1.192441e+10 1.192441e+10 1.192441e+10 1.192441e+10 1.192441e+10 1.192441e+10 1.192441e+10 1.192441e+10 1.192441e+10 1.192441e+10 1.192441e+10 1.192441e+10 1.192441e+10 1.192441e+10 1.192441e+10 1.192441e+10 1.192441e+10 1.192441e+10 1.192441e+10 1.233545e+10 1.212993e+10 1.212993e+10 1.212993e+10 1.212993e+10 1.212993e+10 1.212993e+10 1.212993e+10 1.212993e+10 1.212993e+10 1.212993e+10 1.212993e+10 1.212993e+10
1.212993e+10 1.212993e+10 1.212993e+10 1.212993e+10 1.212993e+10 1.212993e+10 1.212993e+10 1.212993e+10 1.212993e+10 1.212993e+10 1.212993e+10 1.212993e+10 1.212993e+10 1.212993e+10 1.212993e+10 1.212993e+10 1.212993e+10 1.212993e+10 1.212993e+10 1.212993e+10 1.212993e+10 1.212993e+10 1.212993e+10 1.212993e+10 1.212993e+10 1.212993e+10 1.212993e+10 1.212993e+10 1.212993e+10 1.212993e+10 1.212993e+10 1.212993e+10 1.212993e+10 1.254097e+10 1.212993e+10 1.212993e+10 1.212993e+10 1.212993e+10 1.212993e+10 1.212993e+10 1.212993e+10 1.212993e+10 1.212993e+10 1.212993e+10 1.212993e+10
1.295201e+10 1.295201e+10 1.295201e+10 1.295201e+10 1.295201e+10 1.295201e+10 1.295201e+10 1.295201e+10 1.295201e+10 1.295201e+10 1.295201e+10 1.295201e+10 1.295201e+10 1.295201e+10 1.295201e+10 1.295201e+10 1.295201e+10 1.295201e+10 1.295201e+10 1.295201e+10 1.295201e+10 1.295201e+10 1.295201e+10 1.295201e+10 1.295201e+10 1.295201e+10 1.295201e+10 1.295201e+10 1.295201e+10 1.295201e+10 1.295201e+10 1.295201e+10 1.295201e+10 1.295201e+10 1.336305e+10 1.254097e+10 1.254097e+10 1.254097e+10 1.254097e+10 1.254097e+10 1.254097e+10 1.254097e+10 1.254097e+10 1.254097e+10 1.254097e+10
1.212993e+10 1.212993e+10 1.212993e+10 1.212993e+10 1.212993e+10 1.212993e+10 1.212993e+10 1.212993e+10 1.212993e+10 1.212993e+10 1.212993e+10 1.212993e+10 1.212993e+10 1.212993e+10 1.212993e+10 1.212993e+10 1.212993e+10 1.212993e+10 1.212993e+10 1.212993e+10 1.212993e+10 1.212993e+10 1.212993e+10 1.212993e+10 1.212993e+10 1.212993e+10 1.212993e+10 1.212993e+10 1.212993e+10 1.212993e+10 1.212993e+10 1.212993e+10 1.212993e+10 1.212993e+10 1.212993e+10 1.233545e+10 1.151336e+10 1.151336e+10 1.151336e+10 1.151336e+10 1.151336e+10 1.151336e+10 1.151336e+10 1.151336e+10 1.151336e+10
1.315753e+10 1.315753e+10 1.315753e+10 1.315753e+10 1.315753e+10 1.315753e+10 1.315753e+10 1.315753e+10 1.315753e+10 1.315753e+10 1.315753e+10 1.315753e+10 1.315753e+10 1.315753e+10 1.315753e+10 1.315753e+10 1.315753e+10 1.315753e+10 1.315753e+10 1.315753e+10 1.315753e+10 1.315753e+10 1.315753e+10 1.315753e+10 1.315753e+10 1.315753e+10 1.315753e+10 1.315753e+10 1.315753e+10 1.315753e+10 1.315753e+10 1.315753e+10 1.315753e+10 1.315753e+10 1.315753e+10 1.315753e+10 1.397962e+10 1.377409e+10 1.377409e+10 1.377409e+10 1.377409e+10 1.377409e+10 1.377409e+10 1.377409e+10 1.377409e+10
1.377409e+10 1.377409e+10 1.377409e+10 1.377409e+10 1.377409e+10 1.377409e+10 1.377409e+10 1.377409e+10 1.377409e+10 1.377409e+10 1.377409e+10 1.377409e+10 1.377409e+10 1.377409e+10 1.377409e+10 1.377409e+10 1.377409e+10 1.377409e+10 1.377409e+10 1.377409e+10 1.377409e+10 1.377409e+10 1.377409e+10 1.377409e+10 1.377409e+10 1.377409e+10 1.377409e+10 1.377409e+10 1.377409e+10 1.377409e+10 1.377409e+10 1.377409e+10 1.377409e+10 1.377409e+10 1.377409e+10 1.377409e+10 1.377409e+10 1.459618e+10 1.295201e+10 1.295201e+10 1.295201e+10 1.295201e+10 1.295201e+10 1.295201e+10 1.295201e+10
1.274649e+10 1.274649e+10 1.274649e+10 1.274649e+10 1.274649e+10 1.274649e+10 1.274649e+10 1.274649e+10 1.274649e+10 1.274649e+10 1.274649e+10 1.274649e+10 1.274649e+10 1.274649e+10 1.274649e+10 1.274649e+10 1.274649e+10 1.274649e+10 1.274649e+10 1.274649e+10 1.274649e+10 1.274649e+10 1.274649e+10 1.274649e+10 1.274649e+10 1.274649e+10 1.274649e+10 1.274649e+10 1.274649e+10 1.274649e+10 1.274649e+10 1.274649e+10 1.274649e+10 1.274649e+10 1.274649e+10 1.274649e+10 1.274649e+10 1.274649e+10 1.356857e+10 1.192441e+10 1.192441e+10 1.192441e+10 1.192441e+10 1.192441e+10 1.192441e+10
1.192441e+10 1.192441e+10 1.192441e+10 1.192441e+10 1.192441e+10 1.192441e+10 1.192441e+10 1.192441e+10 1.192441e+10 1.192441e+10 1.192441e+10 1.192441e+10 1.192441e+10 1.192441e+10 1.192441e+10 1.192441e+10 1.192441e+10 1.192441e+10 1.192441e+10 1.192441e+10 1.192441e+10 1.192441e+10 1.192441e+10 1.192441e+10 1.192441e+10 1.192441e+10 1.192441e+10 1.192441e+10 1.192441e+10 1.192441e+10 1.192441e+10 1.192441e+10 1.192441e+10 1.192441e+10 1.192441e+10 1.192441e+10 1.192441e+10 1.192441e+10 1.192441e+10 1.233545e+10 1.069128e+10 1.069128e+10 1.069128e+10 1.069128e+10 1.069128e+10
1.068709e+10 1.068709e+10 1.068709e+10 1.068709e+10 1.068709e+10 1.068709e+10 1.068709e+10 1.068709e+10 1.068709e+10 1.068709e+10 1.068709e+10 1.068709e+10 1.068709e+10 1.068709e+10 1.068709e+10 1.068709e+10 1.068709e+10 1.068709e+10 1.068709e+10 1.068709e+10 1.068709e+10 1.068709e+10 1.068709e+10 1.068709e+10 1.068709e+10 1.068709e+10 1.068709e+10 1.068709e+10 1.068709e+10 1.068709e+10 1.068709e+10 1.068709e+10 1.068709e+10 1.068709e+10 1.068709e+10 1.068709e+10 1.068709e+10 1.068709e+10 1.068709e+10 1.068709e+10 1.233125e+10 1.150917e+10 1.150917e+10 1.150917e+10 1.150917e+10
1.150917e+10 1.150917e+10 1.150917e+10 1.150917e+10 1.150917e+10 1.150917e+10 1.150917e+10 1.150917e+10 1.150917e+10 1.150917e+10 1.150917e+10 1.150917e+10 1.150917e+10 1.150917e+10 1.150917e+10 1.150917e+10 1.150917e+10 1.150917e+10 1.150917e+10 1.150917e+10 1.150917e+10 1.150917e+10 1.150917e+10 1.150917e+10 1.150917e+10 1.150917e+10 1.150917e+10 1.150917e+10 1.150917e+10 1.150917e+10 1.150917e+10 1.150917e+10 1.150917e+10 1.150917e+10 1.150917e+10 1.150917e+10 1.150917e+10 1.150917e+10 1.150917e+10 1.150917e+10 1.150917e+10 1.315334e+10 9.865003e+09 9.865003e+09 9.865003e+09
9.865003e+09 9.865003e+09 1.068709e+10 1.068709e+10 1.068709e+10 1.068709e+10 1.068709e+10 1.068709e+10 1.068709e+10 1.068709e+10 1.068709e+10 1.068709e+10 1.068709e+10 1.068709e+10 1.068709e+10 1.068709e+10 1.068709e+10 1.068709e+10 1.068709e+10 1.068709e+10 1.068709e+10 1.068709e+10 1.068709e+10 1.068709e+10 1.068709e+10 1.068709e+10 1.068709e+10 1.068709e+10 1.068709e+10 1.068709e+10 1.068709e+10 1.068709e+10 1.068709e+10 1.068709e+10 1.068709e+10 1.068709e+10 1.068709e+10 1.068709e+10 1.068709e+10 1.068709e+10 1.068709e+10 1.068709e+10 1.150917e+10 8.220836e+09 8.220836e+09
8.220836e+09 8.220836e+09 8.220836e+09 8.220836e+09 8.220836e+09 8.220836e+09 8.220836e+09 8.220836e+09 8.220836e+09 8.220836e+09 8.220836e+09 8.220836e+09 8.220836e+09 8.220836e+09 8.220836e+09 8.220836e+09 8.220836e+09 8.220836e+09 8.220836e+09 8.220836e+09 8.220836e+09 8.220836e+09 8.220836e+09 8.220836e+09 8.220836e+09 8.220836e+09 8.220836e+09 8.220836e+09 8.220836e+09 8.220836e+09 8.220836e+09 8.220836e+09 8.220836e+09 8.220836e+09 8.220836e+09 8.220836e+09 8.220836e+09 8.220836e+09 8.220836e+09 8.220836e+09 8.220836e+09 8.220836e+09 8.220836e+09 1.150917e+10 9.865003e+09
9.865003e+09 9.865003e+09 9.865003e+09 9.865003e+09 9.865003e+09 9.865003e+09 9.865003e+09 9.865003e+09 9.865003e+09 9.865003e+09 9.865003e+09 9.865003e+09 9.865003e+09 9.865003e+09 9.865003e+09 9.865003e+09 9.865003e+09 9.865003e+09 9.865003e+09 9.865003e+09 9.865003e+09 9.865003e+09 9.865003e+09 9.865003e+09 9.865003e+09 9.865003e+09 9.865003e+09 9.865003e+09 9.865003e+09 9.865003e+09 9.865003e+09 9.865003e+09 9.865003e+09 9.865003e+09 9.865003e+09 9.865003e+09 9.865003e+09 9.865003e+09 9.865003e+09 9.865003e+09 9.865003e+09 9.865003e+09 9.865003e+09 9.865003e+09 1.315334e+10
