0 0 0 0 0 0 0 0 0 0 0 0 0 0 0 0 0 0 0 0 0 0 0 0 0 0 0 0 0 0 0 0 0 0 0 0 0 0 0 0 0 0 0 0 0
11 0 0 0 0 0 0 0 0 0 0 0 0 0 0 0 0 0 0 0 0 0 0 0 0 0 0 0 0 0 0 0 0 0 0 0 0 0 0 0 0 0 0 0 0
12 12 0 0 0 0 0 0 0 0 0 0 0 0 0 0 0 0 0 0 0 0 0 0 0 0 0 0 0 0 0 0 0 0 0 0 0 0 0 0 0 0 0 0 0
12 12 5 0 0 0 0 0 0 0 0 0 0 0 0 0 0 0 0 0 0 0 0 0 0 0 0 0 0 0 0 0 0 0 0 0 0 0 0 0 0 0 0 0 0
14 14 6 8 0 0 0 0 0 0 0 0 0 0 0 0 0 0 0 0 0 0 0 0 0 0 0 0 0 0 0 0 0 0 0 0 0 0 0 0 0 0 0 0 0
14 14 7 10 10 0 0 0 0 0 0 0 0 0 0 0 0 0 0 0 0 0 0 0 0 0 0 0 0 0 0 0 0 0 0 0 0 0 0 0 0 0 0 0 0
15 15 7 10 10 7 0 0 0 0 0 0 0 0 0 0 0 0 0 0 0 0 0 0 0 0 0 0 0 0 0 0 0 0 0 0 0 0 0 0 0 0 0 0 0
15 15 8 11 11 7 8 0 0 0 0 0 0 0 0 0 0 0 0 0 0 0 0 0 0 0 0 0 0 0 0 0 0 0 0 0 0 0 0 0 0 0 0 0 0
16 16 10 12 12 8 10 10 0 0 0 0 0 0 0 0 0 0 0 0 0 0 0 0 0 0 0 0 0 0 0 0 0 0 0 0 0 0 0 0 0 0 0 0 0
19 19 11 14 14 10 11 11 11 0 0 0 0 0 0 0 0 0 0 0 0 0 0 0 0 0 0 0 0 0 0 0 0 0 0 0 0 0 0 0 0 0 0 0 0
20 20 12 14 14 10 12 12 12 10 0 0 0 0 0 0 0 0 0 0 0 0 0 0 0 0 0 0 0 0 0 0 0 0 0 0 0 0 0 0 0 0 0 0 0
22 22 13 15 15 12 13 13 13 11 12 0 0 0 0 0 0 0 0 0 0 0 0 0 0 0 0 0 0 0 0 0 0 0 0 0 0 0 0 0 0 0 0 0 0
22 22 14 16 16 12 14 14 14 12 12 12 0 0 0 0 0 0 0 0 0 0 0 0 0 0 0 0 0 0 0 0 0 0 0 0 0 0 0 0 0 0 0 0 0
22 22 15 17 17 14 15 15 15 14 14 14 14 0 0 0 0 0 0 0 0 0 0 0 0 0 0 0 0 0 0 0 0 0 0 0 0 0 0 0 0 0 0 0 0
22 22 15 17 17 14 15 15 15 14 14 14 14 14 0 0 0 0 0 0 0 0 0 0 0 0 0 0 0 0 0 0 0 0 0 0 0 0 0 0 0 0 0 0 0
24 24 16 20 20 15 16 16 16 15 15 15 15 15 15 0 0 0 0 0 0 0 0 0 0 0 0 0 0 0 0 0 0 0 0 0 0 0 0 0 0 0 0 0 0
28 28 19 22 22 16 19 19 19 16 16 16 16 16 16 16 0 0 0 0 0 0 0 0 0 0 0 0 0 0 0 0 0 0 0 0 0 0 0 0 0 0 0 0 0
29 29 21 22 22 19 21 21 21 18 19 19 19 17 17 17 17 0 0 0 0 0 0 0 0 0 0 0 0 0 0 0 0 0 0 0 0 0 0 0 0 0 0 0 0
29 29 22 22 22 21 22 22 22 19 21 21 21 19 19 19 19 19 0 0 0 0 0 0 0 0 0 0 0 0 0 0 0 0 0 0 0 0 0 0 0 0 0 0 0
29 29 22 22 22 21 22 22 22 20 21 21 21 19 19 19 19 19 19 0 0 0 0 0 0 0 0 0 0 0 0 0 0 0 0 0 0 0 0 0 0 0 0 0 0
30 30 22 23 23 22 22 22 22 21 22 22 22 20 20 20 20 20 20 20 0 0 0 0 0 0 0 0 0 0 0 0 0 0 0 0 0 0 0 0 0 0 0 0 0
30 30 22 24 24 22 22 22 22 21 22 22 22 21 21 21 21 21 21 21 21 0 0 0 0 0 0 0 0 0 0 0 0 0 0 0 0 0 0 0 0 0 0 0 0
31 31 22 25 25 22 22 22 22 22 22 22 22 22 22 22 22 22 22 22 22 22 0 0 0 0 0 0 0 0 0 0 0 0 0 0 0 0 0 0 0 0 0 0 0
34 34 28 30 30 25 28 28 28 23 25 25 25 23 23 23 23 23 23 23 23 23 23 0 0 0 0 0 0 0 0 0 0 0 0 0 0 0 0 0 0 0 0 0 0
34 34 28 30 30 27 28 28 28 25 27 27 27 24 24 24 24 24 24 24 24 24 24 24 0 0 0 0 0 0 0 0 0 0 0 0 0 0 0 0 0 0 0 0 0
35 35 29 31 31 28 29 29 29 27 28 28 28 25 25 25 25 25 25 25 25 25 25 25 25 0 0 0 0 0 0 0 0 0 0 0 0 0 0 0 0 0 0 0 0
36 36 29 31 31 28 29 29 29 27 28 28 28 27 27 27 27 27 27 26 26 26 26 26 26 26 0 0 0 0 0 0 0 0 0 0 0 0 0 0 0 0 0 0 0
36 36 29 31 31 28 29 29 29 28 28 28 28 27 27 27 27 27 27 27 27 27 27 27 27 27 27 0 0 0 0 0 0 0 0 0 0 0 0 0 0 0 0 0 0
36 36 29 32 32 28 29 29 29 28 28 28 28 28 28 28 28 28 28 28 28 28 28 28 28 28 28 28 0 0 0 0 0 0 0 0 0 0 0 0 0 0 0 0 0
37 37 31 33 33 29 31 31 31 29 29 29 29 29 29 29 29 29 29 29 29 29 29 29 29 29 29 29 29 0 0 0 0 0 0 0 0 0 0 0 0 0 0 0 0
38 38 32 34 34 31 32 32 32 30 31 31 31 30 30 30 30 30 30 30 30 30 30 30 30 30 30 30 30 30 0 0 0 0 0 0 0 0 0 0 0 0 0 0 0
38 38 33 35 35 32 33 33 33 31 32 32 32 31 31 31 31 31 31 31 31 31 31 31 31 31 31 31 31 31 31 0 0 0 0 0 0 0 0 0 0 0 0 0 0
39 39 33 36 36 32 33 33 33 32 32 32 32 32 32 32 32 32 32 32 32 32 32 32 32 32 32 32 32 32 32 32 0 0 0 0 0 0 0 0 0 0 0 0 0
40 40 35 37 37 33 35 35 35 33 33 33 33 33 33 33 33 33 33 33 33 33 33 33 33 33 33 33 33 33 33 33 33 0 0 0 0 0 0 0 0 0 0 0 0
41 41 36 37 37 35 36 36 36 34 35 35 35 34 34 34 34 34 34 34 34 34 34 34 34 34 34 34 34 34 34 34 35 35 0 0 0 0 0 0 0 0 0 0 0
42 42 36 38 38 36 36 36 36 35 36 36 36 35 35 35 35 35 35 35 35 35 35 35 35 35 35 35 35 35 35 35 36 36 36 0 0 0 0 0 0 0 0 0 0
43 43 37 39 39 36 37 37 37 36 36 36 36 36 36 36 36 36 36 36 36 36 36 36 36 36 36 36 36 36 36 36 36 36 36 36 0 0 0 0 0 0 0 0 0
-1 -1 38 40 40 37 38 38 38 37 37 37 37 37 37 37 37 37 37 37 37 37 37 37 37 37 37 37 37 37 37 37 37 37 37 37 38 0 0 0 0 0 0 0 0
-1 -1 39 41 41 38 39 39 39 38 38 38 38 38 38 38 38 38 38 38 38 38 38 38 38 38 38 38 38 38 38 38 38 38 38 38 39 39 0 0 0 0 0 0 0
-1 -1 41 43 43 40 41 41 41 39 40 40 40 39 39 39 39 39 39 39 39 39 39 39 39 39 39 39 39 39 39 39 40 40 40 39 41 41 41 0 0 0 0 0 0
-1 -1 41 44 44 40 41 41 41 40 40 40 40 40 40 40 40 40 40 40 40 40 40 40 40 40 40 40 40 40 40 40 40 40 40 40 41 41 41 40 0 0 0 0 0
-1 -1 43 -1 -1 42 43 43 43 41 42 42 42 41 41 41 41 41 41 41 41 41 41 41 41 41 41 41 41 41 41 41 42 42 42 41 43 43 43 42 -1 0 0 0 0
-1 -1 44 -1 -1 43 44 44 44 42 43 43 43 42 42 42 42 42 42 42 42 42 42 42 42 42 42 42 42 42 42 42 43 43 43 42 44 44 44 43 -1 -1 0 0 0
-1 -1 -1 -1 -1 44 -1 -1 -1 43 44 44 44 43 43 43 43 43 43 43 43 43 43 43 43 43 43 43 43 43 43 43 44 44 44 43 -1 -1 -1 44 -1 -1 -1 0 0
-1 -1 -1 -1 -1 -1 -1 -1 -1 44 -1 -1 -1 44 44 44 44 44 44 44 44 44 44 44 44 44 44 44 44 44 44 44 -1 -1 -1 44 -1 -1 -1 -1 -1 -1 -1 -1 0
