3.288334e+09 3.288334e+09 3.288334e+09 3.288334e+09 3.288334e+09 3.288334e+09 3.288334e+09 3.288334e+09 3.288334e+09 3.288334e+09 3.288334e+09 3.288334e+09 3.288334e+09 3.288334e+09 3.288334e+09 3.288334e+09 3.288334e+09 3.288334e+09 3.288334e+09 3.288334e+09 3.288334e+09 3.288334e+09 3.288334e+09 3.288334e+09 3.288334e+09 3.288334e+09 3.288334e+09 3.288334e+09 3.288334e+09 3.288334e+09 3.288334e+09 3.288334e+09 3.288334e+09 3.288334e+09 3.288334e+09 3.288334e+09 3.288334e+09 3.288334e+09 3.288334e+09 3.288334e+09 3.288334e+09 3.288334e+09 3.288334e+09 3.288334e+09 3.288334e+09
3.288334e+09 6.576669e+09 6.576669e+09 6.576669e+09 6.576669e+09 6.576669e+09 6.576669e+09 6.576669e+09 6.576669e+09 6.576669e+09 6.576669e+09 6.576669e+09 6.576669e+09 6.576669e+09 6.576669e+09 6.576669e+09 6.576669e+09 6.576669e+09 6.576669e+09 6.576669e+09 6.576669e+09 6.576669e+09 6.576669e+09 6.576669e+09 6.576669e+09 6.576669e+09 6.576669e+09 6.576669e+09 6.576669e+09 6.576669e+09 6.576669e+09 6.576669e+09 6.576669e+09 6.576669e+09 6.576669e+09 6.576669e+09 6.576669e+09 6.576669e+09 6.576669e+09 6.576669e+09 6.576669e+09 6.576669e+09 6.576669e+09 6.576669e+09 6.576669e+09
6.576669e+09 6.576669e+09 7.398752e+09 7.398752e+09 7.398752e+09 7.398752e+09 7.398752e+09 7.398752e+09 7.398752e+09 7.398752e+09 7.398752e+09 7.398752e+09 7.398752e+09 7.398752e+09 7.398752e+09 7.398752e+09 7.398752e+09 7.398752e+09 7.398752e+09 7.398752e+09 7.398752e+09 7.398752e+09 7.398752e+09 7.398752e+09 7.398752e+09 7.398752e+09 7.398752e+09 7.398752e+09 7.398752e+09 7.398752e+09 7.398752e+09 7.398752e+09 7.398752e+09 7.398752e+09 7.398752e+09 7.398752e+09 7.398752e+09 7.398752e+09 7.398752e+09 7.398752e+09 7.398752e+09 7.398752e+09 7.398752e+09 7.398752e+09 7.398752e+09
4.110418e+09 4.110418e+09 4.110418e+09 5.754585e+09 4.932502e+09 4.932502e+09 4.932502e+09 4.932502e+09 4.932502e+09 4.932502e+09 4.932502e+09 4.932502e+09 4.932502e+09 4.932502e+09 4.932502e+09 4.932502e+09 4.932502e+09 4.932502e+09 4.932502e+09 4.932502e+09 4.932502e+09 4.932502e+09 4.932502e+09 4.932502e+09 4.932502e+09 4.932502e+09 4.932502e+09 4.932502e+09 4.932502e+09 4.932502e+09 4.932502e+09 4.932502e+09 4.932502e+09 4.932502e+09 4.932502e+09 4.932502e+09 4.932502e+09 4.932502e+09 4.932502e+09 4.932502e+09 4.932502e+09 4.932502e+09 4.932502e+09 4.932502e+09 4.932502e+09
1.644167e+09 1.644167e+09 1.644167e+09 1.644167e+09 3.288334e+09 1.644167e+09 1.644167e+09 1.644167e+09 1.644167e+09 1.644167e+09 1.644167e+09 1.644167e+09 1.644167e+09 1.644167e+09 1.644167e+09 1.644167e+09 1.644167e+09 1.644167e+09 1.644167e+09 1.644167e+09 1.644167e+09 1.644167e+09 1.644167e+09 1.644167e+09 1.644167e+09 1.644167e+09 1.644167e+09 1.644167e+09 1.644167e+09 1.644167e+09 1.644167e+09 1.644167e+09 1.644167e+09 1.644167e+09 1.644167e+09 1.644167e+09 1.644167e+09 1.644167e+09 1.644167e+09 1.644167e+09 1.644167e+09 1.644167e+09 1.644167e+09 1.644167e+09 1.644167e+09
1.644167e+09 1.644167e+09 1.644167e+09 1.644167e+09 1.644167e+09 2.055209e+09 2.055209e+09 2.055209e+09 2.055209e+09 2.055209e+09 2.055209e+09 2.055209e+09 2.055209e+09 2.055209e+09 2.055209e+09 2.055209e+09 2.055209e+09 2.055209e+09 2.055209e+09 2.055209e+09 2.055209e+09 2.055209e+09 2.055209e+09 2.055209e+09 2.055209e+09 2.055209e+09 2.055209e+09 2.055209e+09 2.055209e+09 2.055209e+09 2.055209e+09 2.055209e+09 2.055209e+09 2.055209e+09 2.055209e+09 2.055209e+09 2.055209e+09 2.055209e+09 2.055209e+09 2.055209e+09 2.055209e+09 2.055209e+09 2.055209e+09 2.055209e+09 2.055209e+09
3.699376e+09 3.699376e+09 3.699376e+09 3.699376e+09 3.699376e+09 3.699376e+09 4.521460e+09 4.110418e+09 4.110418e+09 4.110418e+09 4.110418e+09 4.110418e+09 4.110418e+09 4.110418e+09 4.110418e+09 4.110418e+09 4.110418e+09 4.110418e+09 4.110418e+09 4.110418e+09 4.110418e+09 4.110418e+09 4.110418e+09 4.110418e+09 4.110418e+09 4.110418e+09 4.110418e+09 4.110418e+09 4.110418e+09 4.110418e+09 4.110418e+09 4.110418e+09 4.110418e+09 4.110418e+09 4.110418e+09 4.110418e+09 4.110418e+09 4.110418e+09 4.110418e+09 4.110418e+09 4.110418e+09 4.110418e+09 4.110418e+09 4.110418e+09 4.110418e+09
8.220836e+08 8.220836e+08 8.220836e+08 8.220836e+08 8.220836e+08 8.220836e+08 8.220836e+08 1.644167e+09 8.220836e+08 8.220836e+08 8.220836e+08 8.220836e+08 8.220836e+08 8.220836e+08 8.220836e+08 8.220836e+08 8.220836e+08 8.220836e+08 8.220836e+08 8.220836e+08 8.220836e+08 8.220836e+08 8.220836e+08 8.220836e+08 8.220836e+08 8.220836e+08 8.220836e+08 8.220836e+08 8.220836e+08 8.220836e+08 8.220836e+08 8.220836e+08 8.220836e+08 8.220836e+08 8.220836e+08 8.220836e+08 8.220836e+08 8.220836e+08 8.220836e+08 8.220836e+08 8.220836e+08 8.220836e+08 8.220836e+08 8.220836e+08 8.220836e+08
8.220836e+08 8.220836e+08 8.220836e+08 8.220836e+08 8.220836e+08 8.220836e+08 8.220836e+08 8.220836e+08 1.644167e+09 8.220836e+08 8.220836e+08 8.220836e+08 8.220836e+08 8.220836e+08 8.220836e+08 8.220836e+08 8.220836e+08 8.220836e+08 8.220836e+08 8.220836e+08 8.220836e+08 8.220836e+08 8.220836e+08 8.220836e+08 8.220836e+08 8.220836e+08 8.220836e+08 8.220836e+08 8.220836e+08 8.220836e+08 8.220836e+08 8.220836e+08 8.220836e+08 8.220836e+08 8.220836e+08 8.220836e+08 8.220836e+08 8.220836e+08 8.220836e+08 8.220836e+08 8.220836e+08 8.220836e+08 8.220836e+08 8.220836e+08 8.220836e+08
8.220836e+08 8.220836e+08 8.220836e+08 8.220836e+08 8.220836e+08 8.220836e+08 8.220836e+08 8.220836e+08 8.220836e+08 1.027604e+09 1.027604e+09 1.027604e+09 1.027604e+09 1.027604e+09 1.027604e+09 1.027604e+09 1.027604e+09 1.027604e+09 1.027604e+09 1.027604e+09 1.027604e+09 1.027604e+09 1.027604e+09 1.027604e+09 1.027604e+09 1.027604e+09 1.027604e+09 1.027604e+09 1.027604e+09 1.027604e+09 1.027604e+09 1.027604e+09 1.027604e+09 1.027604e+09 1.027604e+09 1.027604e+09 1.027604e+09 1.027604e+09 1.027604e+09 1.027604e+09 1.027604e+09 1.027604e+09 1.027604e+09 1.027604e+09 1.027604e+09
4.110418e+09 4.110418e+09 4.110418e+09 4.110418e+09 4.110418e+09 4.110418e+09 4.110418e+09 4.110418e+09 4.110418e+09 4.315939e+09 4.726981e+09 4.521460e+09 4.521460e+09 4.521460e+09 4.521460e+09 4.521460e+09 4.521460e+09 4.521460e+09 4.521460e+09 4.521460e+09 4.521460e+09 4.521460e+09 4.521460e+09 4.521460e+09 4.521460e+09 4.521460e+09 4.521460e+09 4.521460e+09 4.521460e+09 4.521460e+09 4.521460e+09 4.521460e+09 4.521460e+09 4.521460e+09 4.521460e+09 4.521460e+09 4.521460e+09 4.521460e+09 4.521460e+09 4.521460e+09 4.521460e+09 4.521460e+09 4.521460e+09 4.521460e+09 4.521460e+09
5.343543e+09 5.343543e+09 5.343543e+09 5.343543e+09 5.343543e+09 5.343543e+09 5.343543e+09 5.343543e+09 5.343543e+09 5.343543e+09 5.343543e+09 5.754585e+09 5.754585e+09 5.754585e+09 5.754585e+09 5.754585e+09 5.754585e+09 5.754585e+09 5.754585e+09 5.754585e+09 5.754585e+09 5.754585e+09 5.754585e+09 5.754585e+09 5.754585e+09 5.754585e+09 5.754585e+09 5.754585e+09 5.754585e+09 5.754585e+09 5.754585e+09 5.754585e+09 5.754585e+09 5.754585e+09 5.754585e+09 5.754585e+09 5.754585e+09 5.754585e+09 5.754585e+09 5.754585e+09 5.754585e+09 5.754585e+09 5.754585e+09 5.754585e+09 5.754585e+09
7.398752e+09 7.398752e+09 7.398752e+09 7.398752e+09 7.398752e+09 7.398752e+09 7.398752e+09 7.398752e+09 7.398752e+09 7.398752e+09 7.398752e+09 7.398752e+09 7.809794e+09 7.809794e+09 7.809794e+09 7.809794e+09 7.809794e+09 7.809794e+09 7.809794e+09 7.809794e+09 7.809794e+09 7.809794e+09 7.809794e+09 7.809794e+09 7.809794e+09 7.809794e+09 7.809794e+09 7.809794e+09 7.809794e+09 7.809794e+09 7.809794e+09 7.809794e+09 7.809794e+09 7.809794e+09 7.809794e+09 7.809794e+09 7.809794e+09 7.809794e+09 7.809794e+09 7.809794e+09 7.809794e+09 7.809794e+09 7.809794e+09 7.809794e+09 7.809794e+09
7.809794e+09 7.809794e+09 7.809794e+09 7.809794e+09 7.809794e+09 8.220836e+09 8.220836e+09 8.220836e+09 8.220836e+09 8.220836e+09 8.220836e+09 8.220836e+09 8.220836e+09 8.323596e+09 8.323596e+09 8.323596e+09 8.323596e+09 8.323596e+09 8.323596e+09 8.323596e+09 8.323596e+09 8.323596e+09 8.323596e+09 8.323596e+09 8.323596e+09 8.323596e+09 8.323596e+09 8.323596e+09 8.323596e+09 8.323596e+09 8.323596e+09 8.323596e+09 8.323596e+09 8.323596e+09 8.323596e+09 8.323596e+09 8.323596e+09 8.323596e+09 8.323596e+09 8.323596e+09 8.323596e+09 8.323596e+09 8.323596e+09 8.323596e+09 8.323596e+09
9.865003e+09 9.865003e+09 9.865003e+09 9.865003e+09 9.865003e+09 9.865003e+09 9.865003e+09 9.865003e+09 9.865003e+09 9.865003e+09 9.865003e+09 9.865003e+09 9.865003e+09 9.967763e+09 1.007052e+10 9.967763e+09 9.967763e+09 9.967763e+09 9.967763e+09 9.967763e+09 9.967763e+09 9.967763e+09 9.967763e+09 9.967763e+09 9.967763e+09 9.967763e+09 9.967763e+09 9.967763e+09 9.967763e+09 9.967763e+09 9.967763e+09 9.967763e+09 9.967763e+09 9.967763e+09 9.967763e+09 9.967763e+09 9.967763e+09 9.967763e+09 9.967763e+09 9.967763e+09 9.967763e+09 9.967763e+09 9.967763e+09 9.967763e+09 9.967763e+09
1.325610e+10 1.325610e+10 1.407818e+10 1.407818e+10 1.407818e+10 1.448922e+10 1.448922e+10 1.448922e+10 1.448922e+10 1.469474e+10 1.469474e+10 1.469474e+10 1.469474e+10 1.469474e+10 1.469474e+10 1.479750e+10 1.469474e+10 1.469474e+10 1.469474e+10 1.469474e+10 1.469474e+10 1.469474e+10 1.469474e+10 1.469474e+10 1.469474e+10 1.469474e+10 1.469474e+10 1.469474e+10 1.469474e+10 1.469474e+10 1.469474e+10 1.469474e+10 1.469474e+10 1.469474e+10 1.469474e+10 1.469474e+10 1.469474e+10 1.469474e+10 1.469474e+10 1.469474e+10 1.469474e+10 1.469474e+10 1.469474e+10 1.469474e+10 1.469474e+10
6.268387e+09 6.268387e+09 7.090471e+09 3.802137e+09 3.802137e+09 4.213178e+09 2.569011e+09 2.569011e+09 2.569011e+09 2.569011e+09 2.569011e+09 2.569011e+09 2.569011e+09 2.671772e+09 2.260730e+09 2.260730e+09 2.363490e+09 2.260730e+09 2.260730e+09 2.260730e+09 2.260730e+09 2.260730e+09 2.260730e+09 2.260730e+09 2.260730e+09 2.260730e+09 2.260730e+09 2.260730e+09 2.260730e+09 2.260730e+09 2.260730e+09 2.260730e+09 2.260730e+09 2.260730e+09 2.260730e+09 2.260730e+09 2.260730e+09 2.260730e+09 2.260730e+09 2.260730e+09 2.260730e+09 2.260730e+09 2.260730e+09 2.260730e+09 2.260730e+09
1.027604e+08 1.027604e+08 1.027604e+08 1.027604e+08 1.027604e+08 1.027604e+08 1.027604e+08 1.027604e+08 1.027604e+08 1.027604e+08 1.027604e+08 1.027604e+08 1.027604e+08 1.027604e+08 1.027604e+08 1.027604e+08 1.027604e+08 1.284506e+08 1.284506e+08 1.284506e+08 1.284506e+08 1.284506e+08 1.284506e+08 1.284506e+08 1.284506e+08 1.284506e+08 1.284506e+08 1.284506e+08 1.284506e+08 1.284506e+08 1.284506e+08 1.284506e+08 1.284506e+08 1.284506e+08 1.284506e+08 1.284506e+08 1.284506e+08 1.284506e+08 1.284506e+08 1.284506e+08 1.284506e+08 1.284506e+08 1.284506e+08 1.284506e+08 1.284506e+08
1.027604e+08 1.027604e+08 1.027604e+08 1.027604e+08 1.027604e+08 1.027604e+08 1.027604e+08 1.027604e+08 1.027604e+08 1.027604e+08 1.027604e+08 1.027604e+08 1.027604e+08 1.027604e+08 1.027604e+08 1.027604e+08 1.027604e+08 1.284506e+08 1.541407e+08 1.541407e+08 1.541407e+08 1.541407e+08 1.541407e+08 1.541407e+08 1.541407e+08 1.541407e+08 1.541407e+08 1.541407e+08 1.541407e+08 1.541407e+08 1.541407e+08 1.541407e+08 1.541407e+08 1.541407e+08 1.541407e+08 1.541407e+08 1.541407e+08 1.541407e+08 1.541407e+08 1.541407e+08 1.541407e+08 1.541407e+08 1.541407e+08 1.541407e+08 1.541407e+08
1.541407e+08 1.541407e+08 1.541407e+08 1.541407e+08 1.541407e+08 1.541407e+08 1.541407e+08 1.541407e+08 1.541407e+08 1.541407e+08 1.541407e+08 1.541407e+08 1.541407e+08 1.541407e+08 1.541407e+08 1.541407e+08 1.541407e+08 1.541407e+08 1.541407e+08 1.583350e+08 1.326449e+08 1.326449e+08 1.326449e+08 1.326449e+08 1.326449e+08 1.326449e+08 1.326449e+08 1.326449e+08 1.326449e+08 1.326449e+08 1.326449e+08 1.326449e+08 1.326449e+08 1.326449e+08 1.326449e+08 1.326449e+08 1.326449e+08 1.326449e+08 1.326449e+08 1.326449e+08 1.326449e+08 1.326449e+08 1.326449e+08 1.326449e+08 1.326449e+08
4.194304e+06 4.194304e+06 4.194304e+06 4.194304e+06 4.194304e+06 4.194304e+06 4.194304e+06 4.194304e+06 4.194304e+06 4.194304e+06 4.194304e+06 4.194304e+06 4.194304e+06 4.194304e+06 4.194304e+06 4.194304e+06 4.194304e+06 4.194304e+06 4.194304e+06 4.194304e+06 8.388608e+06 4.194304e+06 4.194304e+06 4.194304e+06 4.194304e+06 4.194304e+06 4.194304e+06 4.194304e+06 4.194304e+06 4.194304e+06 4.194304e+06 4.194304e+06 4.194304e+06 4.194304e+06 4.194304e+06 4.194304e+06 4.194304e+06 4.194304e+06 4.194304e+06 4.194304e+06 4.194304e+06 4.194304e+06 4.194304e+06 4.194304e+06 4.194304e+06
4.194304e+06 4.194304e+06 4.194304e+06 4.194304e+06 4.194304e+06 4.194304e+06 4.194304e+06 4.194304e+06 4.194304e+06 4.194304e+06 4.194304e+06 4.194304e+06 4.194304e+06 4.194304e+06 4.194304e+06 4.194304e+06 4.194304e+06 4.194304e+06 4.194304e+06 4.194304e+06 4.194304e+06 5.218304e+06 1.024000e+06 1.024000e+06 1.024000e+06 1.024000e+06 1.024000e+06 1.024000e+06 1.024000e+06 1.024000e+06 1.024000e+06 1.024000e+06 1.024000e+06 1.024000e+06 1.024000e+06 1.024000e+06 1.024000e+06 1.024000e+06 1.024000e+06 1.024000e+06 1.024000e+06 1.024000e+06 1.024000e+06 1.024000e+06 1.024000e+06
1.024000e+06 1.024000e+06 1.024000e+06 1.024000e+06 1.024000e+06 1.024000e+06 1.024000e+06 1.024000e+06 1.024000e+06 1.024000e+06 1.024000e+06 1.024000e+06 1.024000e+06 1.024000e+06 1.024000e+06 1.024000e+06 1.024000e+06 1.024000e+06 1.024000e+06 1.024000e+06 1.024000e+06 1.024000e+06 1.025024e+06 1.025024e+06 1.025024e+06 1.025024e+06 1.025024e+06 1.025024e+06 1.025024e+06 1.025024e+06 1.025024e+06 1.025024e+06 1.025024e+06 1.025024e+06 1.025024e+06 1.025024e+06 1.025024e+06 1.025024e+06 1.025024e+06 1.025024e+06 1.025024e+06 1.025024e+06 1.025024e+06 1.025024e+06 1.025024e+06
5.218304e+06 5.218304e+06 5.218304e+06 5.218304e+06 5.218304e+06 5.218304e+06 5.218304e+06 5.218304e+06 5.218304e+06 5.218304e+06 5.218304e+06 5.218304e+06 5.218304e+06 5.218304e+06 5.218304e+06 5.218304e+06 5.218304e+06 5.218304e+06 5.218304e+06 5.218304e+06 5.218304e+06 5.218304e+06 5.219328e+06 6.243328e+06 6.242304e+06 6.242304e+06 6.242304e+06 6.242304e+06 6.242304e+06 6.242304e+06 6.242304e+06 6.242304e+06 6.242304e+06 6.242304e+06 6.242304e+06 6.242304e+06 6.242304e+06 6.242304e+06 6.242304e+06 6.242304e+06 6.242304e+06 6.242304e+06 6.242304e+06 6.242304e+06 6.242304e+06
1.043661e+07 1.043661e+07 1.043661e+07 1.043661e+07 1.043661e+07 1.043661e+07 1.043661e+07 1.043661e+07 1.043661e+07 1.043661e+07 1.043661e+07 1.043661e+07 1.043661e+07 1.043661e+07 1.043661e+07 1.043661e+07 1.043661e+07 1.043661e+07 1.043661e+07 1.043661e+07 1.043661e+07 1.043661e+07 1.043661e+07 1.043661e+07 1.463091e+07 1.258291e+07 1.258291e+07 1.258291e+07 1.258291e+07 1.258291e+07 1.258291e+07 1.258291e+07 1.258291e+07 1.258291e+07 1.258291e+07 1.258291e+07 1.258291e+07 1.258291e+07 1.258291e+07 1.258291e+07 1.258291e+07 1.258291e+07 1.258291e+07 1.258291e+07 1.258291e+07
1.153434e+08 1.153434e+08 1.153434e+08 1.153434e+08 1.153434e+08 1.153434e+08 1.153434e+08 1.153434e+08 1.153434e+08 1.153434e+08 1.153434e+08 1.153434e+08 1.153434e+08 1.153434e+08 1.153434e+08 1.153434e+08 1.153434e+08 1.153434e+08 1.153434e+08 1.153434e+08 1.153434e+08 1.153434e+08 1.153434e+08 1.153434e+08 1.153434e+08 1.195377e+08 1.111491e+08 1.111491e+08 1.111491e+08 1.111491e+08 1.111491e+08 1.111491e+08 1.111491e+08 1.111491e+08 1.111491e+08 1.111491e+08 1.111491e+08 1.111491e+08 1.111491e+08 1.111491e+08 1.111491e+08 1.111491e+08 1.111491e+08 1.111491e+08 1.111491e+08
1.111491e+08 1.111491e+08 1.111491e+08 1.111491e+08 1.111491e+08 1.111491e+08 1.111491e+08 1.111491e+08 1.111491e+08 1.111491e+08 1.111491e+08 1.111491e+08 1.111491e+08 1.111491e+08 1.111491e+08 1.111491e+08 1.111491e+08 1.368392e+08 1.625293e+08 1.368392e+08 1.368392e+08 1.368392e+08 1.368392e+08 1.368392e+08 1.368392e+08 1.368392e+08 1.625293e+08 1.284506e+08 1.284506e+08 1.284506e+08 1.284506e+08 1.284506e+08 1.284506e+08 1.284506e+08 1.284506e+08 1.284506e+08 1.284506e+08 1.284506e+08 1.284506e+08 1.284506e+08 1.284506e+08 1.284506e+08 1.284506e+08 1.284506e+08 1.284506e+08
1.284506e+08 1.284506e+08 1.284506e+08 1.284506e+08 1.284506e+08 1.284506e+08 1.284506e+08 1.284506e+08 1.284506e+08 1.284506e+08 1.284506e+08 1.284506e+08 1.284506e+08 1.284506e+08 1.284506e+08 1.284506e+08 1.284506e+08 1.541407e+08 1.798308e+08 1.798308e+08 1.798308e+08 1.798308e+08 1.798308e+08 1.798308e+08 1.798308e+08 1.798308e+08 1.798308e+08 2.055209e+08 1.284506e+08 1.284506e+08 1.284506e+08 1.284506e+08 1.284506e+08 1.284506e+08 1.284506e+08 1.284506e+08 1.284506e+08 1.284506e+08 1.284506e+08 1.284506e+08 1.284506e+08 1.284506e+08 1.284506e+08 1.284506e+08 1.284506e+08
2.312110e+08 2.312110e+08 2.312110e+08 2.312110e+08 2.312110e+08 2.312110e+08 2.312110e+08 2.312110e+08 2.312110e+08 2.312110e+08 2.312110e+08 2.312110e+08 2.312110e+08 2.312110e+08 2.312110e+08 2.312110e+08 2.312110e+08 2.569011e+08 2.569011e+08 2.569011e+08 2.569011e+08 2.569011e+08 2.569011e+08 2.569011e+08 2.569011e+08 2.569011e+08 2.569011e+08 2.569011e+08 3.596616e+08 3.082813e+08 3.082813e+08 3.082813e+08 3.082813e+08 3.082813e+08 3.082813e+08 3.082813e+08 3.082813e+08 3.082813e+08 3.082813e+08 3.082813e+08 3.082813e+08 3.082813e+08 3.082813e+08 3.082813e+08 3.082813e+08
4.110418e+08 4.110418e+08 4.110418e+08 4.110418e+08 4.110418e+08 4.110418e+08 4.110418e+08 4.110418e+08 4.110418e+08 4.110418e+08 4.110418e+08 4.110418e+08 4.110418e+08 4.110418e+08 4.110418e+08 4.110418e+08 4.110418e+08 4.367319e+08 4.367319e+08 4.367319e+08 4.367319e+08 4.367319e+08 4.367319e+08 4.367319e+08 4.367319e+08 4.367319e+08 4.367319e+08 4.367319e+08 4.367319e+08 5.394924e+08 3.339715e+08 3.339715e+08 3.339715e+08 3.339715e+08 3.339715e+08 3.339715e+08 3.339715e+08 3.339715e+08 3.339715e+08 3.339715e+08 3.339715e+08 3.339715e+08 3.339715e+08 3.339715e+08 3.339715e+08
7.193231e+08 7.193231e+08 7.193231e+08 7.193231e+08 7.193231e+08 7.193231e+08 7.193231e+08 7.193231e+08 7.193231e+08 7.193231e+08 7.193231e+08 7.193231e+08 7.193231e+08 7.193231e+08 7.193231e+08 7.193231e+08 7.193231e+08 7.193231e+08 7.193231e+08 7.193231e+08 7.193231e+08 7.193231e+08 7.193231e+08 7.193231e+08 7.193231e+08 7.193231e+08 7.193231e+08 7.193231e+08 7.193231e+08 7.193231e+08 8.220836e+08 6.165627e+08 6.165627e+08 6.165627e+08 6.165627e+08 6.165627e+08 6.165627e+08 6.165627e+08 6.165627e+08 6.165627e+08 6.165627e+08 6.165627e+08 6.165627e+08 6.165627e+08 6.165627e+08
6.165627e+08 6.165627e+08 6.165627e+08 6.165627e+08 6.165627e+08 6.165627e+08 6.165627e+08 6.165627e+08 6.165627e+08 6.165627e+08 6.165627e+08 6.165627e+08 6.165627e+08 7.193231e+08 7.193231e+08 7.193231e+08 7.193231e+08 7.193231e+08 7.193231e+08 7.193231e+08 7.193231e+08 7.193231e+08 7.193231e+08 7.193231e+08 7.193231e+08 7.193231e+08 7.193231e+08 7.193231e+08 7.193231e+08 7.193231e+08 7.193231e+08 8.220836e+08 5.138022e+08 5.138022e+08 5.138022e+08 5.138022e+08 5.138022e+08 5.138022e+08 5.138022e+08 5.138022e+08 5.138022e+08 5.138022e+08 5.138022e+08 5.138022e+08 5.138022e+08
9.248440e+08 9.248440e+08 9.248440e+08 9.248440e+08 9.248440e+08 9.248440e+08 9.248440e+08 9.248440e+08 9.248440e+08 9.248440e+08 9.248440e+08 9.248440e+08 9.248440e+08 1.027604e+09 1.027604e+09 1.027604e+09 1.027604e+09 1.027604e+09 1.027604e+09 1.027604e+09 1.027604e+09 1.027604e+09 1.027604e+09 1.027604e+09 1.027604e+09 1.027604e+09 1.027604e+09 1.027604e+09 1.027604e+09 1.027604e+09 1.027604e+09 1.027604e+09 1.438646e+09 1.233125e+09 1.233125e+09 1.233125e+09 1.233125e+09 1.233125e+09 1.233125e+09 1.233125e+09 1.233125e+09 1.233125e+09 1.233125e+09 1.233125e+09 1.233125e+09
1.644167e+09 1.644167e+09 1.644167e+09 1.644167e+09 1.644167e+09 1.644167e+09 1.644167e+09 1.644167e+09 1.644167e+09 1.644167e+09 1.644167e+09 1.644167e+09 1.644167e+09 1.644167e+09 1.644167e+09 1.644167e+09 1.644167e+09 1.644167e+09 1.644167e+09 1.644167e+09 1.644167e+09 1.644167e+09 1.644167e+09 1.644167e+09 1.644167e+09 1.644167e+09 1.644167e+09 1.644167e+09 1.644167e+09 1.644167e+09 1.644167e+09 1.644167e+09 1.644167e+09 2.055209e+09 1.233125e+09 1.233125e+09 1.233125e+09 1.233125e+09 1.233125e+09 1.233125e+09 1.233125e+09 1.233125e+09 1.233125e+09 1.233125e+09 1.233125e+09
2.055209e+09 2.055209e+09 2.055209e+09 2.055209e+09 2.055209e+09 2.055209e+09 2.055209e+09 2.055209e+09 2.055209e+09 2.055209e+09 2.055209e+09 2.055209e+09 2.055209e+09 2.055209e+09 2.055209e+09 2.055209e+09 2.055209e+09 2.055209e+09 2.055209e+09 2.055209e+09 2.055209e+09 2.055209e+09 2.055209e+09 2.055209e+09 2.055209e+09 2.055209e+09 2.055209e+09 2.055209e+09 2.055209e+09 2.055209e+09 2.055209e+09 2.055209e+09 2.055209e+09 2.055209e+09 2.466251e+09 1.644167e+09 1.644167e+09 1.644167e+09 1.644167e+09 1.644167e+09 1.644167e+09 1.644167e+09 1.644167e+09 1.644167e+09 1.644167e+09
1.644167e+09 1.644167e+09 1.644167e+09 1.644167e+09 1.644167e+09 1.644167e+09 1.644167e+09 1.644167e+09 1.644167e+09 1.849688e+09 1.849688e+09 1.849688e+09 1.849688e+09 1.849688e+09 1.849688e+09 1.849688e+09 1.849688e+09 1.849688e+09 1.849688e+09 1.849688e+09 1.849688e+09 1.849688e+09 1.849688e+09 1.849688e+09 1.849688e+09 1.849688e+09 1.849688e+09 1.849688e+09 1.849688e+09 1.849688e+09 1.849688e+09 1.849688e+09 1.849688e+09 1.849688e+09 1.849688e+09 2.055209e+09 1.027604e+09 1.027604e+09 1.027604e+09 1.027604e+09 1.027604e+09 1.027604e+09 1.027604e+09 1.027604e+09 1.027604e+09
1.849688e+09 1.849688e+09 1.849688e+09 1.849688e+09 1.849688e+09 1.849688e+09 1.849688e+09 1.849688e+09 1.849688e+09 2.055209e+09 2.055209e+09 2.055209e+09 2.055209e+09 2.055209e+09 2.055209e+09 2.055209e+09 2.055209e+09 2.055209e+09 2.055209e+09 2.055209e+09 2.055209e+09 2.055209e+09 2.055209e+09 2.055209e+09 2.055209e+09 2.055209e+09 2.055209e+09 2.055209e+09 2.055209e+09 2.055209e+09 2.055209e+09 2.055209e+09 2.055209e+09 2.055209e+09 2.055209e+09 2.055209e+09 2.877293e+09 2.466251e+09 2.466251e+09 2.466251e+09 2.466251e+09 2.466251e+09 2.466251e+09 2.466251e+09 2.466251e+09
3.288334e+09 3.288334e+09 3.288334e+09 3.288334e+09 3.288334e+09 3.288334e+09 3.288334e+09 3.288334e+09 3.288334e+09 3.288334e+09 3.288334e+09 3.288334e+09 3.288334e+09 3.288334e+09 3.288334e+09 3.288334e+09 3.288334e+09 3.288334e+09 3.288334e+09 3.288334e+09 3.288334e+09 3.288334e+09 3.288334e+09 3.288334e+09 3.288334e+09 3.288334e+09 3.288334e+09 3.288334e+09 3.288334e+09 3.288334e+09 3.288334e+09 3.288334e+09 3.288334e+09 3.288334e+09 3.288334e+09 3.288334e+09 3.288334e+09 4.110418e+09 2.466251e+09 2.466251e+09 2.466251e+09 2.466251e+09 2.466251e+09 2.466251e+09 2.466251e+09
4.110418e+09 4.110418e+09 4.110418e+09 4.110418e+09 4.110418e+09 4.110418e+09 4.110418e+09 4.110418e+09 4.110418e+09 4.110418e+09 4.110418e+09 4.110418e+09 4.110418e+09 4.110418e+09 4.110418e+09 4.110418e+09 4.110418e+09 4.110418e+09 4.110418e+09 4.110418e+09 4.110418e+09 4.110418e+09 4.110418e+09 4.110418e+09 4.110418e+09 4.110418e+09 4.110418e+09 4.110418e+09 4.110418e+09 4.110418e+09 4.110418e+09 4.110418e+09 4.110418e+09 4.110418e+09 4.110418e+09 4.110418e+09 4.110418e+09 4.110418e+09 4.932502e+09 3.288334e+09 3.288334e+09 3.288334e+09 3.288334e+09 3.288334e+09 3.288334e+09
3.288334e+09 3.288334e+09 3.288334e+09 3.288334e+09 3.288334e+09 3.699376e+09 3.699376e+09 3.699376e+09 3.699376e+09 3.699376e+09 3.699376e+09 3.699376e+09 3.699376e+09 3.699376e+09 3.699376e+09 3.699376e+09 3.699376e+09 3.699376e+09 3.699376e+09 3.699376e+09 3.699376e+09 3.699376e+09 3.699376e+09 3.699376e+09 3.699376e+09 3.699376e+09 3.699376e+09 3.699376e+09 3.699376e+09 3.699376e+09 3.699376e+09 3.699376e+09 3.699376e+09 3.699376e+09 3.699376e+09 3.699376e+09 3.699376e+09 3.699376e+09 3.699376e+09 4.110418e+09 2.055209e+09 2.055209e+09 2.055209e+09 2.055209e+09 2.055209e+09
3.699376e+09 3.699376e+09 3.699376e+09 3.699376e+09 3.699376e+09 4.110418e+09 4.110418e+09 4.110418e+09 4.110418e+09 4.110418e+09 4.110418e+09 4.110418e+09 4.110418e+09 4.110418e+09 4.110418e+09 4.110418e+09 4.110418e+09 4.110418e+09 4.110418e+09 4.110418e+09 4.110418e+09 4.110418e+09 4.110418e+09 4.110418e+09 4.110418e+09 4.110418e+09 4.110418e+09 4.110418e+09 4.110418e+09 4.110418e+09 4.110418e+09 4.110418e+09 4.110418e+09 4.110418e+09 4.110418e+09 4.110418e+09 4.110418e+09 4.110418e+09 4.110418e+09 4.110418e+09 5.754585e+09 4.932502e+09 4.932502e+09 4.932502e+09 4.932502e+09
8.220836e+09 8.220836e+09 8.220836e+09 8.220836e+09 8.220836e+09 8.220836e+09 8.220836e+09 8.220836e+09 8.220836e+09 8.220836e+09 8.220836e+09 8.220836e+09 8.220836e+09 8.220836e+09 8.220836e+09 8.220836e+09 8.220836e+09 8.220836e+09 8.220836e+09 8.220836e+09 8.220836e+09 8.220836e+09 8.220836e+09 8.220836e+09 8.220836e+09 8.220836e+09 8.220836e+09 8.220836e+09 8.220836e+09 8.220836e+09 8.220836e+09 8.220836e+09 8.220836e+09 8.220836e+09 8.220836e+09 8.220836e+09 8.220836e+09 8.220836e+09 8.220836e+09 8.220836e+09 8.220836e+09 9.865003e+09 6.576669e+09 6.576669e+09 6.576669e+09
6.576669e+09 6.576669e+09 7.398752e+09 7.398752e+09 7.398752e+09 7.398752e+09 7.398752e+09 7.398752e+09 7.398752e+09 7.398752e+09 7.398752e+09 7.398752e+09 7.398752e+09 7.398752e+09 7.398752e+09 7.398752e+09 7.398752e+09 7.398752e+09 7.398752e+09 7.398752e+09 7.398752e+09 7.398752e+09 7.398752e+09 7.398752e+09 7.398752e+09 7.398752e+09 7.398752e+09 7.398752e+09 7.398752e+09 7.398752e+09 7.398752e+09 7.398752e+09 7.398752e+09 7.398752e+09 7.398752e+09 7.398752e+09 7.398752e+09 7.398752e+09 7.398752e+09 7.398752e+09 7.398752e+09 7.398752e+09 8.220836e+09 4.932502e+09 4.932502e+09
8.220836e+09 8.220836e+09 8.220836e+09 8.220836e+09 8.220836e+09 8.220836e+09 8.220836e+09 8.220836e+09 8.220836e+09 8.220836e+09 8.220836e+09 8.220836e+09 8.220836e+09 8.220836e+09 8.220836e+09 8.220836e+09 8.220836e+09 8.220836e+09 8.220836e+09 8.220836e+09 8.220836e+09 8.220836e+09 8.220836e+09 8.220836e+09 8.220836e+09 8.220836e+09 8.220836e+09 8.220836e+09 8.220836e+09 8.220836e+09 8.220836e+09 8.220836e+09 8.220836e+09 8.220836e+09 8.220836e+09 8.220836e+09 8.220836e+09 8.220836e+09 8.220836e+09 8.220836e+09 8.220836e+09 8.220836e+09 8.220836e+09 1.150917e+10 9.865003e+09
9.865003e+09 9.865003e+09 9.865003e+09 9.865003e+09 9.865003e+09 9.865003e+09 9.865003e+09 9.865003e+09 9.865003e+09 9.865003e+09 9.865003e+09 9.865003e+09 9.865003e+09 9.865003e+09 9.865003e+09 9.865003e+09 9.865003e+09 9.865003e+09 9.865003e+09 9.865003e+09 9.865003e+09 9.865003e+09 9.865003e+09 9.865003e+09 9.865003e+09 9.865003e+09 9.865003e+09 9.865003e+09 9.865003e+09 9.865003e+09 9.865003e+09 9.865003e+09 9.865003e+09 9.865003e+09 9.865003e+09 9.865003e+09 9.865003e+09 9.865003e+09 9.865003e+09 9.865003e+09 9.865003e+09 9.865003e+09 9.865003e+09 9.865003e+09 1.315334e+10
