3.288334e+09 3.288334e+09 3.288334e+09 3.288334e+09 3.288334e+09 3.288334e+09 3.288334e+09 3.288334e+09 3.288334e+09 3.288334e+09 3.288334e+09 3.288334e+09 3.288334e+09 3.288334e+09 3.288334e+09 3.288334e+09 3.288334e+09 3.288334e+09 3.288334e+09 3.288334e+09 3.288334e+09 3.288334e+09 3.288334e+09 3.288334e+09 3.288334e+09 3.288334e+09 3.288334e+09 3.288334e+09 3.288334e+09 3.288334e+09 3.288334e+09 3.288334e+09 3.288334e+09 3.288334e+09 3.288334e+09 3.288334e+09 3.288334e+09 3.288334e+09 3.288334e+09 3.288334e+09 3.288334e+09 3.288334e+09 3.288334e+09 3.288334e+09 3.288334e+09
3.288334e+09 6.576669e+09 6.576669e+09 6.576669e+09 6.576669e+09 6.576669e+09 6.576669e+09 6.576669e+09 6.576669e+09 6.576669e+09 6.576669e+09 6.576669e+09 6.576669e+09 6.576669e+09 6.576669e+09 6.576669e+09 6.576669e+09 6.576669e+09 6.576669e+09 6.576669e+09 6.576669e+09 6.576669e+09 6.576669e+09 6.576669e+09 6.576669e+09 6.576669e+09 6.576669e+09 6.576669e+09 6.576669e+09 6.576669e+09 6.576669e+09 6.576669e+09 6.576669e+09 6.576669e+09 6.576669e+09 6.576669e+09 6.576669e+09 6.576669e+09 6.576669e+09 6.576669e+09 6.576669e+09 6.576669e+09 6.576669e+09 6.576669e+09 6.576669e+09
6.576669e+09 6.576669e+09 7.398752e+09 7.398752e+09 7.398752e+09 7.398752e+09 7.398752e+09 7.398752e+09 7.398752e+09 7.398752e+09 7.398752e+09 7.398752e+09 7.398752e+09 7.398752e+09 7.398752e+09 7.398752e+09 7.398752e+09 7.398752e+09 7.398752e+09 7.398752e+09 7.398752e+09 7.398752e+09 7.398752e+09 7.398752e+09 7.398752e+09 7.398752e+09 7.398752e+09 7.398752e+09 7.398752e+09 7.398752e+09 7.398752e+09 7.398752e+09 7.398752e+09 7.398752e+09 7.398752e+09 7.398752e+09 7.398752e+09 7.398752e+09 7.398752e+09 7.398752e+09 7.398752e+09 7.398752e+09 7.398752e+09 7.398752e+09 7.398752e+09
7.398752e+09 7.398752e+09 7.398752e+09 9.042919e+09 9.042919e+09 9.042919e+09 9.042919e+09 9.042919e+09 9.042919e+09 9.042919e+09 9.042919e+09 9.042919e+09 9.042919e+09 9.042919e+09 9.042919e+09 9.042919e+09 9.042919e+09 9.042919e+09 9.042919e+09 9.042919e+09 9.042919e+09 9.042919e+09 9.042919e+09 9.042919e+09 9.042919e+09 9.042919e+09 9.042919e+09 9.042919e+09 9.042919e+09 9.042919e+09 9.042919e+09 9.042919e+09 9.042919e+09 9.042919e+09 9.042919e+09 9.042919e+09 9.042919e+09 9.042919e+09 9.042919e+09 9.042919e+09 9.042919e+09 9.042919e+09 9.042919e+09 9.042919e+09 9.042919e+09
9.042919e+09 9.042919e+09 9.042919e+09 9.042919e+09 1.068709e+10 1.068709e+10 1.068709e+10 1.068709e+10 1.068709e+10 1.068709e+10 1.068709e+10 1.068709e+10 1.068709e+10 1.068709e+10 1.068709e+10 1.068709e+10 1.068709e+10 1.068709e+10 1.068709e+10 1.068709e+10 1.068709e+10 1.068709e+10 1.068709e+10 1.068709e+10 1.068709e+10 1.068709e+10 1.068709e+10 1.068709e+10 1.068709e+10 1.068709e+10 1.068709e+10 1.068709e+10 1.068709e+10 1.068709e+10 1.068709e+10 1.068709e+10 1.068709e+10 1.068709e+10 1.068709e+10 1.068709e+10 1.068709e+10 1.068709e+10 1.068709e+10 1.068709e+10 1.068709e+10
6.576669e+09 6.576669e+09 6.576669e+09 6.576669e+09 6.576669e+09 6.987710e+09 6.987710e+09 6.987710e+09 6.987710e+09 6.987710e+09 6.987710e+09 6.987710e+09 6.987710e+09 6.987710e+09 6.987710e+09 6.987710e+09 6.987710e+09 6.987710e+09 6.987710e+09 6.987710e+09 6.987710e+09 6.987710e+09 6.987710e+09 6.987710e+09 6.987710e+09 6.987710e+09 6.987710e+09 6.987710e+09 6.987710e+09 6.987710e+09 6.987710e+09 6.987710e+09 6.987710e+09 6.987710e+09 6.987710e+09 6.987710e+09 6.987710e+09 6.987710e+09 6.987710e+09 6.987710e+09 6.987710e+09 6.987710e+09 6.987710e+09 6.987710e+09 6.987710e+09
6.987710e+09 6.987710e+09 6.987710e+09 6.987710e+09 6.987710e+09 6.987710e+09 7.809794e+09 7.809794e+09 7.809794e+09 7.809794e+09 7.809794e+09 7.809794e+09 7.809794e+09 7.809794e+09 7.809794e+09 7.809794e+09 7.809794e+09 7.809794e+09 7.809794e+09 7.809794e+09 7.809794e+09 7.809794e+09 7.809794e+09 7.809794e+09 7.809794e+09 7.809794e+09 7.809794e+09 7.809794e+09 7.809794e+09 7.809794e+09 7.809794e+09 7.809794e+09 7.809794e+09 7.809794e+09 7.809794e+09 7.809794e+09 7.809794e+09 7.809794e+09 7.809794e+09 7.809794e+09 7.809794e+09 7.809794e+09 7.809794e+09 7.809794e+09 7.809794e+09
7.809794e+09 7.809794e+09 7.809794e+09 7.809794e+09 7.809794e+09 7.809794e+09 7.809794e+09 8.631878e+09 7.809794e+09 7.809794e+09 7.809794e+09 7.809794e+09 7.809794e+09 7.809794e+09 7.809794e+09 7.809794e+09 7.809794e+09 7.809794e+09 7.809794e+09 7.809794e+09 7.809794e+09 7.809794e+09 7.809794e+09 7.809794e+09 7.809794e+09 7.809794e+09 7.809794e+09 7.809794e+09 7.809794e+09 7.809794e+09 7.809794e+09 7.809794e+09 7.809794e+09 7.809794e+09 7.809794e+09 7.809794e+09 7.809794e+09 7.809794e+09 7.809794e+09 7.809794e+09 7.809794e+09 7.809794e+09 7.809794e+09 7.809794e+09 7.809794e+09
7.809794e+09 7.809794e+09 7.809794e+09 7.809794e+09 7.809794e+09 7.809794e+09 7.809794e+09 7.809794e+09 8.631878e+09 8.631878e+09 8.631878e+09 8.631878e+09 8.631878e+09 8.631878e+09 8.631878e+09 8.631878e+09 8.631878e+09 8.631878e+09 8.631878e+09 8.631878e+09 8.631878e+09 8.631878e+09 8.631878e+09 8.631878e+09 8.631878e+09 8.631878e+09 8.631878e+09 8.631878e+09 8.631878e+09 8.631878e+09 8.631878e+09 8.631878e+09 8.631878e+09 8.631878e+09 8.631878e+09 8.631878e+09 8.631878e+09 8.631878e+09 8.631878e+09 8.631878e+09 8.631878e+09 8.631878e+09 8.631878e+09 8.631878e+09 8.631878e+09
8.220836e+09 8.220836e+09 8.220836e+09 8.220836e+09 8.220836e+09 8.220836e+09 8.220836e+09 8.220836e+09 8.220836e+09 8.426357e+09 8.426357e+09 8.426357e+09 8.426357e+09 8.426357e+09 8.426357e+09 8.426357e+09 8.426357e+09 8.426357e+09 8.426357e+09 8.426357e+09 8.426357e+09 8.426357e+09 8.426357e+09 8.426357e+09 8.426357e+09 8.426357e+09 8.426357e+09 8.426357e+09 8.426357e+09 8.426357e+09 8.426357e+09 8.426357e+09 8.426357e+09 8.426357e+09 8.426357e+09 8.426357e+09 8.426357e+09 8.426357e+09 8.426357e+09 8.426357e+09 8.426357e+09 8.426357e+09 8.426357e+09 8.426357e+09 8.426357e+09
8.426357e+09 8.426357e+09 8.426357e+09 8.426357e+09 8.426357e+09 8.426357e+09 8.426357e+09 8.426357e+09 8.426357e+09 8.426357e+09 8.837399e+09 8.631878e+09 8.631878e+09 8.631878e+09 8.631878e+09 8.631878e+09 8.631878e+09 8.631878e+09 8.631878e+09 8.631878e+09 8.631878e+09 8.631878e+09 8.631878e+09 8.631878e+09 8.631878e+09 8.631878e+09 8.631878e+09 8.631878e+09 8.631878e+09 8.631878e+09 8.631878e+09 8.631878e+09 8.631878e+09 8.631878e+09 8.631878e+09 8.631878e+09 8.631878e+09 8.631878e+09 8.631878e+09 8.631878e+09 8.631878e+09 8.631878e+09 8.631878e+09 8.631878e+09 8.631878e+09
8.631878e+09 8.631878e+09 8.631878e+09 8.631878e+09 8.631878e+09 8.631878e+09 8.631878e+09 8.631878e+09 8.631878e+09 8.631878e+09 8.631878e+09 9.042919e+09 9.042919e+09 9.042919e+09 9.042919e+09 9.042919e+09 9.042919e+09 9.042919e+09 9.042919e+09 9.042919e+09 9.042919e+09 9.042919e+09 9.042919e+09 9.042919e+09 9.042919e+09 9.042919e+09 9.042919e+09 9.042919e+09 9.042919e+09 9.042919e+09 9.042919e+09 9.042919e+09 9.042919e+09 9.042919e+09 9.042919e+09 9.042919e+09 9.042919e+09 9.042919e+09 9.042919e+09 9.042919e+09 9.042919e+09 9.042919e+09 9.042919e+09 9.042919e+09 9.042919e+09
9.453961e+09 9.453961e+09 9.453961e+09 9.453961e+09 9.453961e+09 9.453961e+09 9.453961e+09 9.453961e+09 9.453961e+09 9.453961e+09 9.453961e+09 9.453961e+09 9.865003e+09 9.453961e+09 9.453961e+09 9.453961e+09 9.453961e+09 9.453961e+09 9.453961e+09 9.453961e+09 9.453961e+09 9.453961e+09 9.453961e+09 9.453961e+09 9.453961e+09 9.453961e+09 9.453961e+09 9.453961e+09 9.453961e+09 9.453961e+09 9.453961e+09 9.453961e+09 9.453961e+09 9.453961e+09 9.453961e+09 9.453961e+09 9.453961e+09 9.453961e+09 9.453961e+09 9.453961e+09 9.453961e+09 9.453961e+09 9.453961e+09 9.453961e+09 9.453961e+09
9.042919e+09 9.042919e+09 9.042919e+09 9.042919e+09 9.042919e+09 9.042919e+09 9.042919e+09 9.042919e+09 9.042919e+09 9.042919e+09 9.042919e+09 9.042919e+09 9.042919e+09 9.145680e+09 9.145680e+09 9.145680e+09 9.145680e+09 9.145680e+09 9.145680e+09 9.145680e+09 9.145680e+09 9.145680e+09 9.145680e+09 9.145680e+09 9.145680e+09 9.145680e+09 9.145680e+09 9.145680e+09 9.145680e+09 9.145680e+09 9.145680e+09 9.145680e+09 9.145680e+09 9.145680e+09 9.145680e+09 9.145680e+09 9.145680e+09 9.145680e+09 9.145680e+09 9.145680e+09 9.145680e+09 9.145680e+09 9.145680e+09 9.145680e+09 9.145680e+09
8.734638e+09 8.734638e+09 8.734638e+09 8.734638e+09 8.734638e+09 8.734638e+09 8.734638e+09 8.734638e+09 8.734638e+09 8.734638e+09 8.734638e+09 8.734638e+09 8.734638e+09 8.734638e+09 8.837399e+09 8.734638e+09 8.734638e+09 8.734638e+09 8.734638e+09 8.734638e+09 8.734638e+09 8.734638e+09 8.734638e+09 8.734638e+09 8.734638e+09 8.734638e+09 8.734638e+09 8.734638e+09 8.734638e+09 8.734638e+09 8.734638e+09 8.734638e+09 8.734638e+09 8.734638e+09 8.734638e+09 8.734638e+09 8.734638e+09 8.734638e+09 8.734638e+09 8.734638e+09 8.734638e+09 8.734638e+09 8.734638e+09 8.734638e+09 8.734638e+09
8.734638e+09 8.734638e+09 8.734638e+09 8.734638e+09 8.734638e+09 8.734638e+09 8.734638e+09 8.734638e+09 8.734638e+09 8.734638e+09 8.734638e+09 8.734638e+09 8.734638e+09 8.734638e+09 8.734638e+09 8.837399e+09 8.837399e+09 8.837399e+09 8.837399e+09 8.837399e+09 8.837399e+09 8.837399e+09 8.837399e+09 8.837399e+09 8.837399e+09 8.837399e+09 8.837399e+09 8.837399e+09 8.837399e+09 8.837399e+09 8.837399e+09 8.837399e+09 8.837399e+09 8.837399e+09 8.837399e+09 8.837399e+09 8.837399e+09 8.837399e+09 8.837399e+09 8.837399e+09 8.837399e+09 8.837399e+09 8.837399e+09 8.837399e+09 8.837399e+09
9.248440e+09 9.248440e+09 9.248440e+09 9.248440e+09 9.248440e+09 9.248440e+09 9.248440e+09 9.248440e+09 9.248440e+09 9.248440e+09 9.248440e+09 9.248440e+09 9.248440e+09 9.248440e+09 9.248440e+09 9.248440e+09 9.351201e+09 9.351201e+09 9.351201e+09 9.351201e+09 9.351201e+09 9.351201e+09 9.351201e+09 9.351201e+09 9.351201e+09 9.351201e+09 9.351201e+09 9.351201e+09 9.351201e+09 9.351201e+09 9.351201e+09 9.351201e+09 9.351201e+09 9.351201e+09 9.351201e+09 9.351201e+09 9.351201e+09 9.351201e+09 9.351201e+09 9.351201e+09 9.351201e+09 9.351201e+09 9.351201e+09 9.351201e+09 9.351201e+09
9.248440e+09 9.248440e+09 9.248440e+09 9.248440e+09 9.248440e+09 9.248440e+09 9.248440e+09 9.248440e+09 9.248440e+09 9.248440e+09 9.248440e+09 9.248440e+09 9.248440e+09 9.248440e+09 9.248440e+09 9.248440e+09 9.248440e+09 9.274130e+09 9.274130e+09 9.274130e+09 9.274130e+09 9.274130e+09 9.274130e+09 9.274130e+09 9.274130e+09 9.274130e+09 9.274130e+09 9.274130e+09 9.274130e+09 9.274130e+09 9.274130e+09 9.274130e+09 9.274130e+09 9.274130e+09 9.274130e+09 9.274130e+09 9.274130e+09 9.274130e+09 9.274130e+09 9.274130e+09 9.274130e+09 9.274130e+09 9.274130e+09 9.274130e+09 9.274130e+09
9.376891e+09 9.376891e+09 9.376891e+09 9.376891e+09 9.376891e+09 9.376891e+09 9.376891e+09 9.376891e+09 9.376891e+09 9.376891e+09 9.376891e+09 9.376891e+09 9.376891e+09 9.376891e+09 9.376891e+09 9.376891e+09 9.376891e+09 9.376891e+09 9.402581e+09 9.402581e+09 9.402581e+09 9.402581e+09 9.402581e+09 9.402581e+09 9.402581e+09 9.402581e+09 9.402581e+09 9.402581e+09 9.402581e+09 9.402581e+09 9.402581e+09 9.402581e+09 9.402581e+09 9.402581e+09 9.402581e+09 9.402581e+09 9.402581e+09 9.402581e+09 9.402581e+09 9.402581e+09 9.402581e+09 9.402581e+09 9.402581e+09 9.402581e+09 9.402581e+09
9.402581e+09 9.402581e+09 9.402581e+09 9.402581e+09 9.402581e+09 9.402581e+09 9.402581e+09 9.402581e+09 9.402581e+09 9.402581e+09 9.402581e+09 9.402581e+09 9.402581e+09 9.402581e+09 9.402581e+09 9.402581e+09 9.402581e+09 9.402581e+09 9.402581e+09 9.406775e+09 9.406775e+09 9.406775e+09 9.406775e+09 9.406775e+09 9.406775e+09 9.406775e+09 9.406775e+09 9.406775e+09 9.406775e+09 9.406775e+09 9.406775e+09 9.406775e+09 9.406775e+09 9.406775e+09 9.406775e+09 9.406775e+09 9.406775e+09 9.406775e+09 9.406775e+09 9.406775e+09 9.406775e+09 9.406775e+09 9.406775e+09 9.406775e+09 9.406775e+09
9.304015e+09 9.304015e+09 9.304015e+09 9.304015e+09 9.304015e+09 9.304015e+09 9.304015e+09 9.304015e+09 9.304015e+09 9.304015e+09 9.304015e+09 9.304015e+09 9.304015e+09 9.304015e+09 9.304015e+09 9.304015e+09 9.304015e+09 9.304015e+09 9.304015e+09 9.304015e+09 9.308209e+09 9.308209e+09 9.308209e+09 9.308209e+09 9.308209e+09 9.308209e+09 9.308209e+09 9.308209e+09 9.308209e+09 9.308209e+09 9.308209e+09 9.308209e+09 9.308209e+09 9.308209e+09 9.308209e+09 9.308209e+09 9.308209e+09 9.308209e+09 9.308209e+09 9.308209e+09 9.308209e+09 9.308209e+09 9.308209e+09 9.308209e+09 9.308209e+09
9.308209e+09 9.308209e+09 9.308209e+09 9.308209e+09 9.308209e+09 9.308209e+09 9.308209e+09 9.308209e+09 9.308209e+09 9.308209e+09 9.308209e+09 9.308209e+09 9.308209e+09 9.308209e+09 9.308209e+09 9.308209e+09 9.308209e+09 9.308209e+09 9.308209e+09 9.308209e+09 9.308209e+09 9.309233e+09 9.309233e+09 9.309233e+09 9.309233e+09 9.309233e+09 9.309233e+09 9.309233e+09 9.309233e+09 9.309233e+09 9.309233e+09 9.309233e+09 9.309233e+09 9.309233e+09 9.309233e+09 9.309233e+09 9.309233e+09 9.309233e+09 9.309233e+09 9.309233e+09 9.309233e+09 9.309233e+09 9.309233e+09 9.309233e+09 9.309233e+09
1.013132e+10 1.013132e+10 1.013132e+10 1.013132e+10 1.013132e+10 1.013132e+10 1.013132e+10 1.013132e+10 1.013132e+10 1.013132e+10 1.013132e+10 1.013132e+10 1.013132e+10 1.013132e+10 1.013132e+10 1.013132e+10 1.013132e+10 1.013132e+10 1.013132e+10 1.013132e+10 1.013132e+10 1.013132e+10 1.013132e+10 1.013132e+10 1.013132e+10 1.013132e+10 1.013132e+10 1.013132e+10 1.013132e+10 1.013132e+10 1.013132e+10 1.013132e+10 1.013132e+10 1.013132e+10 1.013132e+10 1.013132e+10 1.013132e+10 1.013132e+10 1.013132e+10 1.013132e+10 1.013132e+10 1.013132e+10 1.013132e+10 1.013132e+10 1.013132e+10
9.823036e+09 9.823036e+09 9.823036e+09 9.823036e+09 9.823036e+09 9.823036e+09 9.823036e+09 9.823036e+09 9.823036e+09 9.823036e+09 9.823036e+09 9.823036e+09 9.823036e+09 9.823036e+09 9.823036e+09 9.823036e+09 9.823036e+09 9.823036e+09 9.823036e+09 9.823036e+09 9.823036e+09 9.823036e+09 9.823036e+09 9.824060e+09 9.824059e+09 9.824059e+09 9.824059e+09 9.824059e+09 9.824059e+09 9.824059e+09 9.824059e+09 9.824059e+09 9.824059e+09 9.824059e+09 9.824059e+09 9.824059e+09 9.824059e+09 9.824059e+09 9.824059e+09 9.824059e+09 9.824059e+09 9.824059e+09 9.824059e+09 9.824059e+09 9.824059e+09
9.721299e+09 9.721299e+09 9.721299e+09 9.721299e+09 9.721299e+09 9.721299e+09 9.721299e+09 9.721299e+09 9.721299e+09 9.721299e+09 9.721299e+09 9.721299e+09 9.721299e+09 9.721299e+09 9.721299e+09 9.721299e+09 9.721299e+09 9.721299e+09 9.721299e+09 9.721299e+09 9.721299e+09 9.721299e+09 9.721299e+09 9.721299e+09 9.725493e+09 9.723445e+09 9.723445e+09 9.723445e+09 9.723445e+09 9.723445e+09 9.723445e+09 9.723445e+09 9.723445e+09 9.723445e+09 9.723445e+09 9.723445e+09 9.723445e+09 9.723445e+09 9.723445e+09 9.723445e+09 9.723445e+09 9.723445e+09 9.723445e+09 9.723445e+09 9.723445e+09
9.826206e+09 9.826206e+09 9.826206e+09 9.826206e+09 9.826206e+09 9.826206e+09 9.826206e+09 9.826206e+09 9.826206e+09 9.826206e+09 9.826206e+09 9.826206e+09 9.826206e+09 9.826206e+09 9.826206e+09 9.826206e+09 9.826206e+09 9.826206e+09 9.826206e+09 9.826206e+09 9.826206e+09 9.826206e+09 9.826206e+09 9.826206e+09 9.826206e+09 9.830400e+09 9.822011e+09 9.822011e+09 9.822011e+09 9.822011e+09 9.822011e+09 9.822011e+09 9.822011e+09 9.822011e+09 9.822011e+09 9.822011e+09 9.822011e+09 9.822011e+09 9.822011e+09 9.822011e+09 9.822011e+09 9.822011e+09 9.822011e+09 9.822011e+09 9.822011e+09
9.822011e+09 9.822011e+09 9.822011e+09 9.822011e+09 9.822011e+09 9.822011e+09 9.822011e+09 9.822011e+09 9.822011e+09 9.822011e+09 9.822011e+09 9.822011e+09 9.822011e+09 9.822011e+09 9.822011e+09 9.822011e+09 9.822011e+09 9.822011e+09 9.822011e+09 9.822011e+09 9.822011e+09 9.822011e+09 9.822011e+09 9.822011e+09 9.822011e+09 9.822011e+09 9.847702e+09 9.839313e+09 9.839313e+09 9.839313e+09 9.839313e+09 9.839313e+09 9.839313e+09 9.839313e+09 9.839313e+09 9.839313e+09 9.839313e+09 9.839313e+09 9.839313e+09 9.839313e+09 9.839313e+09 9.839313e+09 9.839313e+09 9.839313e+09 9.839313e+09
9.942073e+09 9.942073e+09 9.942073e+09 9.942073e+09 9.942073e+09 9.942073e+09 9.942073e+09 9.942073e+09 9.942073e+09 9.942073e+09 9.942073e+09 9.942073e+09 9.942073e+09 9.942073e+09 9.942073e+09 9.942073e+09 9.942073e+09 9.942073e+09 9.942073e+09 9.942073e+09 9.942073e+09 9.942073e+09 9.942073e+09 9.942073e+09 9.942073e+09 9.942073e+09 9.942073e+09 9.967763e+09 9.942073e+09 9.942073e+09 9.942073e+09 9.942073e+09 9.942073e+09 9.942073e+09 9.942073e+09 9.942073e+09 9.942073e+09 9.942073e+09 9.942073e+09 9.942073e+09 9.942073e+09 9.942073e+09 9.942073e+09 9.942073e+09 9.942073e+09
1.035312e+10 1.035312e+10 1.035312e+10 1.035312e+10 1.035312e+10 1.035312e+10 1.035312e+10 1.035312e+10 1.035312e+10 1.035312e+10 1.035312e+10 1.035312e+10 1.035312e+10 1.035312e+10 1.035312e+10 1.035312e+10 1.035312e+10 1.035312e+10 1.035312e+10 1.035312e+10 1.035312e+10 1.035312e+10 1.035312e+10 1.035312e+10 1.035312e+10 1.035312e+10 1.035312e+10 1.035312e+10 1.045588e+10 1.040450e+10 1.040450e+10 1.040450e+10 1.040450e+10 1.040450e+10 1.040450e+10 1.040450e+10 1.040450e+10 1.040450e+10 1.040450e+10 1.040450e+10 1.040450e+10 1.040450e+10 1.040450e+10 1.040450e+10 1.040450e+10
1.078985e+10 1.078985e+10 1.078985e+10 1.078985e+10 1.078985e+10 1.078985e+10 1.078985e+10 1.078985e+10 1.078985e+10 1.078985e+10 1.078985e+10 1.078985e+10 1.078985e+10 1.078985e+10 1.078985e+10 1.078985e+10 1.078985e+10 1.078985e+10 1.078985e+10 1.078985e+10 1.078985e+10 1.078985e+10 1.078985e+10 1.078985e+10 1.078985e+10 1.078985e+10 1.078985e+10 1.078985e+10 1.078985e+10 1.089261e+10 1.068709e+10 1.068709e+10 1.068709e+10 1.068709e+10 1.068709e+10 1.068709e+10 1.068709e+10 1.068709e+10 1.068709e+10 1.068709e+10 1.068709e+10 1.068709e+10 1.068709e+10 1.068709e+10 1.068709e+10
1.089261e+10 1.089261e+10 1.089261e+10 1.089261e+10 1.089261e+10 1.089261e+10 1.089261e+10 1.089261e+10 1.089261e+10 1.089261e+10 1.089261e+10 1.089261e+10 1.089261e+10 1.089261e+10 1.089261e+10 1.089261e+10 1.089261e+10 1.089261e+10 1.089261e+10 1.089261e+10 1.089261e+10 1.089261e+10 1.089261e+10 1.089261e+10 1.089261e+10 1.089261e+10 1.089261e+10 1.089261e+10 1.089261e+10 1.089261e+10 1.099537e+10 1.078985e+10 1.078985e+10 1.078985e+10 1.078985e+10 1.078985e+10 1.078985e+10 1.078985e+10 1.078985e+10 1.078985e+10 1.078985e+10 1.078985e+10 1.078985e+10 1.078985e+10 1.078985e+10
1.078985e+10 1.078985e+10 1.078985e+10 1.078985e+10 1.078985e+10 1.078985e+10 1.078985e+10 1.078985e+10 1.078985e+10 1.078985e+10 1.078985e+10 1.078985e+10 1.078985e+10 1.078985e+10 1.078985e+10 1.078985e+10 1.078985e+10 1.078985e+10 1.078985e+10 1.078985e+10 1.078985e+10 1.078985e+10 1.078985e+10 1.078985e+10 1.078985e+10 1.078985e+10 1.078985e+10 1.078985e+10 1.078985e+10 1.078985e+10 1.078985e+10 1.089261e+10 1.068709e+10 1.068709e+10 1.068709e+10 1.068709e+10 1.068709e+10 1.068709e+10 1.068709e+10 1.068709e+10 1.068709e+10 1.068709e+10 1.068709e+10 1.068709e+10 1.068709e+10
1.109813e+10 1.109813e+10 1.109813e+10 1.109813e+10 1.109813e+10 1.109813e+10 1.109813e+10 1.109813e+10 1.109813e+10 1.109813e+10 1.109813e+10 1.109813e+10 1.109813e+10 1.109813e+10 1.109813e+10 1.109813e+10 1.109813e+10 1.109813e+10 1.109813e+10 1.109813e+10 1.109813e+10 1.109813e+10 1.109813e+10 1.109813e+10 1.109813e+10 1.109813e+10 1.109813e+10 1.109813e+10 1.109813e+10 1.109813e+10 1.109813e+10 1.109813e+10 1.150917e+10 1.130365e+10 1.130365e+10 1.130365e+10 1.130365e+10 1.130365e+10 1.130365e+10 1.130365e+10 1.130365e+10 1.130365e+10 1.130365e+10 1.130365e+10 1.130365e+10
1.212573e+10 1.212573e+10 1.212573e+10 1.212573e+10 1.212573e+10 1.212573e+10 1.212573e+10 1.212573e+10 1.212573e+10 1.212573e+10 1.212573e+10 1.212573e+10 1.212573e+10 1.212573e+10 1.212573e+10 1.212573e+10 1.212573e+10 1.212573e+10 1.212573e+10 1.212573e+10 1.212573e+10 1.212573e+10 1.212573e+10 1.212573e+10 1.212573e+10 1.212573e+10 1.212573e+10 1.212573e+10 1.212573e+10 1.212573e+10 1.212573e+10 1.212573e+10 1.212573e+10 1.253677e+10 1.171469e+10 1.171469e+10 1.171469e+10 1.171469e+10 1.171469e+10 1.171469e+10 1.171469e+10 1.171469e+10 1.171469e+10 1.171469e+10 1.171469e+10
1.171469e+10 1.171469e+10 1.171469e+10 1.171469e+10 1.171469e+10 1.171469e+10 1.171469e+10 1.171469e+10 1.171469e+10 1.171469e+10 1.171469e+10 1.171469e+10 1.171469e+10 1.171469e+10 1.171469e+10 1.171469e+10 1.171469e+10 1.171469e+10 1.171469e+10 1.171469e+10 1.171469e+10 1.171469e+10 1.171469e+10 1.171469e+10 1.171469e+10 1.171469e+10 1.171469e+10 1.171469e+10 1.171469e+10 1.171469e+10 1.171469e+10 1.171469e+10 1.171469e+10 1.171469e+10 1.212573e+10 1.130365e+10 1.130365e+10 1.130365e+10 1.130365e+10 1.130365e+10 1.130365e+10 1.130365e+10 1.130365e+10 1.130365e+10 1.130365e+10
1.130365e+10 1.130365e+10 1.130365e+10 1.130365e+10 1.130365e+10 1.130365e+10 1.130365e+10 1.130365e+10 1.130365e+10 1.130365e+10 1.130365e+10 1.130365e+10 1.130365e+10 1.130365e+10 1.130365e+10 1.130365e+10 1.130365e+10 1.130365e+10 1.130365e+10 1.130365e+10 1.130365e+10 1.130365e+10 1.130365e+10 1.130365e+10 1.130365e+10 1.130365e+10 1.130365e+10 1.130365e+10 1.130365e+10 1.130365e+10 1.130365e+10 1.130365e+10 1.130365e+10 1.130365e+10 1.130365e+10 1.150917e+10 1.068709e+10 1.068709e+10 1.068709e+10 1.068709e+10 1.068709e+10 1.068709e+10 1.068709e+10 1.068709e+10 1.068709e+10
1.397542e+10 1.397542e+10 1.397542e+10 1.397542e+10 1.397542e+10 1.397542e+10 1.397542e+10 1.397542e+10 1.397542e+10 1.397542e+10 1.397542e+10 1.397542e+10 1.397542e+10 1.397542e+10 1.397542e+10 1.397542e+10 1.397542e+10 1.397542e+10 1.397542e+10 1.397542e+10 1.397542e+10 1.397542e+10 1.397542e+10 1.397542e+10 1.397542e+10 1.397542e+10 1.397542e+10 1.397542e+10 1.397542e+10 1.397542e+10 1.397542e+10 1.397542e+10 1.397542e+10 1.397542e+10 1.397542e+10 1.397542e+10 1.479750e+10 1.438646e+10 1.438646e+10 1.438646e+10 1.438646e+10 1.438646e+10 1.438646e+10 1.438646e+10 1.438646e+10
1.438646e+10 1.438646e+10 1.438646e+10 1.438646e+10 1.438646e+10 1.438646e+10 1.438646e+10 1.438646e+10 1.438646e+10 1.438646e+10 1.438646e+10 1.438646e+10 1.438646e+10 1.438646e+10 1.438646e+10 1.438646e+10 1.438646e+10 1.438646e+10 1.438646e+10 1.438646e+10 1.438646e+10 1.438646e+10 1.438646e+10 1.438646e+10 1.438646e+10 1.438646e+10 1.438646e+10 1.438646e+10 1.438646e+10 1.438646e+10 1.438646e+10 1.438646e+10 1.438646e+10 1.438646e+10 1.438646e+10 1.438646e+10 1.438646e+10 1.520855e+10 1.356438e+10 1.356438e+10 1.356438e+10 1.356438e+10 1.356438e+10 1.356438e+10 1.356438e+10
1.356438e+10 1.356438e+10 1.356438e+10 1.356438e+10 1.356438e+10 1.356438e+10 1.356438e+10 1.356438e+10 1.356438e+10 1.356438e+10 1.356438e+10 1.356438e+10 1.356438e+10 1.356438e+10 1.356438e+10 1.356438e+10 1.356438e+10 1.356438e+10 1.356438e+10 1.356438e+10 1.356438e+10 1.356438e+10 1.356438e+10 1.356438e+10 1.356438e+10 1.356438e+10 1.356438e+10 1.356438e+10 1.356438e+10 1.356438e+10 1.356438e+10 1.356438e+10 1.356438e+10 1.356438e+10 1.356438e+10 1.356438e+10 1.356438e+10 1.356438e+10 1.438646e+10 1.274230e+10 1.274230e+10 1.274230e+10 1.274230e+10 1.274230e+10 1.274230e+10
1.274230e+10 1.274230e+10 1.274230e+10 1.274230e+10 1.274230e+10 1.274230e+10 1.274230e+10 1.274230e+10 1.274230e+10 1.274230e+10 1.274230e+10 1.274230e+10 1.274230e+10 1.274230e+10 1.274230e+10 1.274230e+10 1.274230e+10 1.274230e+10 1.274230e+10 1.274230e+10 1.274230e+10 1.274230e+10 1.274230e+10 1.274230e+10 1.274230e+10 1.274230e+10 1.274230e+10 1.274230e+10 1.274230e+10 1.274230e+10 1.274230e+10 1.274230e+10 1.274230e+10 1.274230e+10 1.274230e+10 1.274230e+10 1.274230e+10 1.274230e+10 1.274230e+10 1.315334e+10 1.150917e+10 1.150917e+10 1.150917e+10 1.150917e+10 1.150917e+10
1.150917e+10 1.150917e+10 1.150917e+10 1.150917e+10 1.150917e+10 1.150917e+10 1.150917e+10 1.150917e+10 1.150917e+10 1.150917e+10 1.150917e+10 1.150917e+10 1.150917e+10 1.150917e+10 1.150917e+10 1.150917e+10 1.150917e+10 1.150917e+10 1.150917e+10 1.150917e+10 1.150917e+10 1.150917e+10 1.150917e+10 1.150917e+10 1.150917e+10 1.150917e+10 1.150917e+10 1.150917e+10 1.150917e+10 1.150917e+10 1.150917e+10 1.150917e+10 1.150917e+10 1.150917e+10 1.150917e+10 1.150917e+10 1.150917e+10 1.150917e+10 1.150917e+10 1.150917e+10 1.315334e+10 1.233125e+10 1.233125e+10 1.233125e+10 1.233125e+10
1.233125e+10 1.233125e+10 1.233125e+10 1.233125e+10 1.233125e+10 1.233125e+10 1.233125e+10 1.233125e+10 1.233125e+10 1.233125e+10 1.233125e+10 1.233125e+10 1.233125e+10 1.233125e+10 1.233125e+10 1.233125e+10 1.233125e+10 1.233125e+10 1.233125e+10 1.233125e+10 1.233125e+10 1.233125e+10 1.233125e+10 1.233125e+10 1.233125e+10 1.233125e+10 1.233125e+10 1.233125e+10 1.233125e+10 1.233125e+10 1.233125e+10 1.233125e+10 1.233125e+10 1.233125e+10 1.233125e+10 1.233125e+10 1.233125e+10 1.233125e+10 1.233125e+10 1.233125e+10 1.233125e+10 1.397542e+10 1.068709e+10 1.068709e+10 1.068709e+10
1.068709e+10 1.068709e+10 1.068709e+10 1.068709e+10 1.068709e+10 1.068709e+10 1.068709e+10 1.068709e+10 1.068709e+10 1.068709e+10 1.068709e+10 1.068709e+10 1.068709e+10 1.068709e+10 1.068709e+10 1.068709e+10 1.068709e+10 1.068709e+10 1.068709e+10 1.068709e+10 1.068709e+10 1.068709e+10 1.068709e+10 1.068709e+10 1.068709e+10 1.068709e+10 1.068709e+10 1.068709e+10 1.068709e+10 1.068709e+10 1.068709e+10 1.068709e+10 1.068709e+10 1.068709e+10 1.068709e+10 1.068709e+10 1.068709e+10 1.068709e+10 1.068709e+10 1.068709e+10 1.068709e+10 1.068709e+10 1.150917e+10 9.865003e+09 9.865003e+09
9.865003e+09 9.865003e+09 9.865003e+09 9.865003e+09 9.865003e+09 9.865003e+09 9.865003e+09 9.865003e+09 9.865003e+09 9.865003e+09 9.865003e+09 9.865003e+09 9.865003e+09 9.865003e+09 9.865003e+09 9.865003e+09 9.865003e+09 9.865003e+09 9.865003e+09 9.865003e+09 9.865003e+09 9.865003e+09 9.865003e+09 9.865003e+09 9.865003e+09 9.865003e+09 9.865003e+09 9.865003e+09 9.865003e+09 9.865003e+09 9.865003e+09 9.865003e+09 9.865003e+09 9.865003e+09 9.865003e+09 9.865003e+09 9.865003e+09 9.865003e+09 9.865003e+09 9.865003e+09 9.865003e+09 9.865003e+09 9.865003e+09 1.315334e+10 1.150917e+10
9.865003e+09 9.865003e+09 9.865003e+09 9.865003e+09 9.865003e+09 9.865003e+09 9.865003e+09 9.865003e+09 9.865003e+09 9.865003e+09 9.865003e+09 9.865003e+09 9.865003e+09 9.865003e+09 9.865003e+09 9.865003e+09 9.865003e+09 9.865003e+09 9.865003e+09 9.865003e+09 9.865003e+09 9.865003e+09 9.865003e+09 9.865003e+09 9.865003e+09 9.865003e+09 9.865003e+09 9.865003e+09 9.865003e+09 9.865003e+09 9.865003e+09 9.865003e+09 9.865003e+09 9.865003e+09 9.865003e+09 9.865003e+09 9.865003e+09 9.865003e+09 9.865003e+09 9.865003e+09 9.865003e+09 9.865003e+09 9.865003e+09 9.865003e+09 1.315334e+10
